id,predict_0,predict_1,predict_2
2,0.871390920774,0.120825265469,0.00778381375671
3,0.544634741689,0.410503137901,0.0448621204103
4,0.722436400463,0.252780101218,0.0247834983191
7,0.603566481969,0.328515648617,0.0679178694141
9,0.594090174102,0.204982902251,0.200926923647
10,0.951792742994,0.0431962305805,0.00501102642592
11,0.742588584991,0.247782680556,0.0096287344534
12,0.831389881698,0.156378611915,0.0122315063873
14,0.65986238297,0.323739954788,0.0163976622417
15,0.899724030661,0.0937005121962,0.00657545714302
16,0.683578336736,0.295122782582,0.0212988806822
17,0.803633913249,0.181743254412,0.014622832339
18,0.963740335159,0.0314217903118,0.00483787452941
21,0.259733601523,0.559773689634,0.180492708842
22,0.906034541782,0.0873416469589,0.00662381125886
25,0.676399172257,0.302567839182,0.0210329885603
30,0.915668756705,0.0786765409802,0.00565470231455
32,0.805210195584,0.184605929622,0.0101838747947
34,0.813420518418,0.0992592024688,0.087320279113
35,0.649097228947,0.325978213923,0.0249245571299
36,0.803002950172,0.187449632838,0.00954741698905
37,0.831424386017,0.156564496765,0.0120111172184
39,0.855992023192,0.134124824397,0.00988315241026
40,0.144874748253,0.364180771539,0.490944480208
41,0.78643921396,0.203039289233,0.0105214968065
42,0.531382818099,0.432930608297,0.0356865736034
45,0.255729475649,0.273633484751,0.4706370396
46,0.927412079495,0.0669590638588,0.00562885664623
47,0.846988287037,0.140376633857,0.0126350791053
48,0.177124801687,0.167794109888,0.655081088425
50,0.419088232583,0.521749262368,0.0591625050499
51,0.441380160749,0.501169961234,0.0574498780174
52,0.963730128889,0.0314291053743,0.00484076573635
56,0.80611345015,0.183736639602,0.0101499102481
58,0.790121220216,0.19514619319,0.0147325865942
62,0.9591609284,0.0359355561182,0.00490351548155
63,0.964366536888,0.0307443975224,0.00488906558963
65,0.327204653916,0.336082407102,0.336712938982
66,0.229062434456,0.238094576238,0.532842989306
70,0.195608622422,0.195688224779,0.608703152799
71,0.951556587344,0.0434382064038,0.00500520625218
72,0.51322968524,0.437213724034,0.049556590726
73,0.845746084306,0.144551314444,0.00970260125017
74,0.851709078038,0.14016505829,0.00812586367191
76,0.748098981627,0.240488682005,0.011412336368
77,0.603314360913,0.347935494374,0.0487501447122
78,0.55441680959,0.398794774176,0.046788416234
82,0.637454405904,0.32961067289,0.0329349212063
85,0.180127020697,0.170724665592,0.649148313711
86,0.941399114047,0.0534176864218,0.00518319953148
87,0.724037224358,0.249307424439,0.0266553512027
95,0.96272203697,0.032304833016,0.00497313001435
96,0.177945145769,0.162803148918,0.659251705313
97,0.766584216514,0.214852228473,0.018563555013
98,0.94207503261,0.0527983974661,0.00512656992389
100,0.856678523549,0.133275593149,0.0100458833021
101,0.727603982087,0.259032524753,0.0133634931606
102,0.910174984945,0.0838375722223,0.00598744283298
103,0.418331353937,0.559541658231,0.0221269878322
106,0.753115743012,0.228062275028,0.0188219819606
108,0.743606565207,0.244114104778,0.0122793300146
109,0.801113998656,0.183828152849,0.0150578484951
110,0.784854750026,0.200459869059,0.0146853809143
113,0.301967883176,0.389604112847,0.308428003977
114,0.821971771285,0.164650671874,0.0133775568405
116,0.849432397065,0.139904812336,0.0106627905996
117,0.723615872367,0.255985627826,0.0203984998074
118,0.407817782706,0.543632729566,0.0485494877272
121,0.961811422155,0.0332621798175,0.00492639802769
122,0.958171592064,0.0370073415351,0.00482106640121
123,0.9487649658,0.0461746731646,0.00506036103539
124,0.950330032646,0.0446905633925,0.00497940396127
126,0.554266187894,0.42302898169,0.0227048304157
127,0.666978571049,0.310264833151,0.0227565958
128,0.768336662668,0.21617406332,0.0154892740118
133,0.685360277008,0.293814883308,0.0208248396837
136,0.490460758162,0.315056752985,0.194482488853
137,0.639053116068,0.34613888807,0.0148079958624
140,0.589532512711,0.375656376268,0.0348111110207
141,0.599042665493,0.386381564671,0.0145757698361
143,0.723093955262,0.254453603139,0.0224524415996
144,0.741700054846,0.245527767799,0.0127721773547
145,0.167794055048,0.140521804306,0.691684140646
147,0.194838234653,0.194716279448,0.6104454859
148,0.742774727423,0.244410679343,0.0128145932342
150,0.520149993093,0.441657290568,0.038192716339
151,0.775739730167,0.202612419446,0.0216478503874
153,0.660951493475,0.316304806229,0.0227437002957
155,0.83370309372,0.156286486787,0.0100104194922
156,0.819826650306,0.166430271005,0.0137430786891
160,0.554974713851,0.400882278609,0.0441430075401
163,0.240578519563,0.250045714958,0.50937576548
164,0.664127931287,0.318153753916,0.0177183147966
165,0.624303080161,0.350593775593,0.0251031442458
166,0.965660308392,0.0295170282603,0.00482266334759
167,0.671151771668,0.30349453299,0.0253536953416
168,0.849152448104,0.142725670614,0.00812188128233
169,0.846488140757,0.143369089426,0.0101427698171
170,0.184033392548,0.17689976284,0.639066844612
171,0.723843838635,0.264070717785,0.0120854435807
172,0.16475068829,0.144210869424,0.691038442285
173,0.681749799599,0.298040211522,0.0202099888793
174,0.377502117243,0.436601242773,0.185896639984
175,0.846410792222,0.143460030517,0.0101291772602
176,0.265639077855,0.275819558992,0.458541363152
180,0.820511816216,0.165845750583,0.0136424332014
181,0.163794437154,0.139035477909,0.697170084937
182,0.630628555773,0.340523912783,0.0288475314441
185,0.767448871177,0.219756171327,0.0127949574967
186,0.78132525139,0.202092823906,0.0165819247042
187,0.745736387025,0.237795981108,0.0164676318673
189,0.467835161969,0.467642069113,0.0645227689182
192,0.637690302683,0.33540693971,0.0269027576072
194,0.849887226748,0.140907689226,0.00920508402614
195,0.800938262733,0.183992150556,0.015069586711
197,0.818283007455,0.170858334252,0.0108586582929
198,0.82547131201,0.166326121336,0.00820256665398
201,0.964651596128,0.030517965295,0.00483043857717
202,0.674813014283,0.292164353662,0.0330226320558
203,0.870354583093,0.118710572688,0.0109348442195
205,0.960854265586,0.0344673061534,0.00467842826016
208,0.560441283965,0.382587135824,0.0569715802102
209,0.683430515892,0.302351837943,0.0142176461646
210,0.479688061594,0.435473730035,0.0848382083714
211,0.825614677313,0.159240544743,0.0151447779439
214,0.854289946775,0.137058599059,0.00865145416611
215,0.209556591728,0.160626627242,0.629816781031
216,0.457005022789,0.478525007904,0.0644699693071
218,0.32369739343,0.587935172259,0.0883674343111
219,0.667578803345,0.30320562198,0.0292155746745
220,0.632963555161,0.339430521945,0.027605922894
222,0.534681686967,0.381805556214,0.0835127568185
224,0.42633905332,0.427744882741,0.145916063939
226,0.783032049248,0.202969250035,0.013998700717
228,0.539862714068,0.371725602458,0.088411683474
229,0.185641550604,0.161648947675,0.652709501722
230,0.80158684992,0.188328682684,0.0100844673961
231,0.909309341383,0.0856924854403,0.00499817317622
232,0.907500770713,0.086430836796,0.00606839249065
233,0.96486151912,0.0302761023666,0.00486237851375
235,0.962016521586,0.03307515417,0.00490832424383
236,0.962146704694,0.03292773771,0.00492555759554
237,0.702811251893,0.17218791197,0.125000836137
241,0.873310593371,0.119469485548,0.00721992108072
244,0.822682450808,0.164126275252,0.01319127394
245,0.657690885044,0.329637472286,0.0126716426704
246,0.640189695141,0.335092800844,0.0247175040151
249,0.819243250862,0.172903838073,0.00785291106533
250,0.500630654574,0.457977647443,0.0413916979832
252,0.661402767599,0.315948834027,0.0226483983736
253,0.154211652657,0.160986473055,0.684801874288
254,0.789513532249,0.193508833986,0.0169776337652
255,0.619104164946,0.365181859852,0.0157139752017
258,0.58908173389,0.369891513768,0.0410267523412
261,0.469900320498,0.429609647555,0.100490031948
264,0.18352565369,0.299121207292,0.517353139018
267,0.454909768907,0.389130741092,0.15595949
268,0.68499549916,0.293397210787,0.021607290053
271,0.492728948886,0.448331687523,0.0589393635901
273,0.965016214487,0.0301781735375,0.004805611976
276,0.949913098404,0.0450007874256,0.00508611417043
277,0.908553780268,0.0851589553566,0.00628726437553
278,0.795307091049,0.197697193313,0.00699571563783
280,0.959562201278,0.0354716937831,0.00496610493926
281,0.918882117173,0.075305500542,0.00581238228499
282,0.775290621953,0.211979693273,0.0127296847747
283,0.561408698946,0.360154776618,0.0784365244357
285,0.619356950154,0.367340206161,0.0133028436853
286,0.946180280581,0.0485916361497,0.0052280832689
287,0.691967032935,0.286809976751,0.0212229903139
288,0.801735181734,0.186548005991,0.0117168122752
289,0.818140596498,0.170994039092,0.0108653644091
291,0.169445753452,0.139701629572,0.690852616976
294,0.745797010927,0.173743476573,0.0804595125005
298,0.706110992967,0.261824460439,0.0320645465943
301,0.749872124165,0.233445364232,0.0166825116029
303,0.963609478466,0.0314942849793,0.00489623655477
304,0.933734696021,0.0609432540623,0.00532204991682
305,0.564427044088,0.410602715382,0.0249702405308
307,0.383790775057,0.140559477226,0.475649747717
308,0.376630665212,0.246886803049,0.376482531739
309,0.172877711482,0.157128671873,0.669993616645
310,0.51092760441,0.369636626918,0.119435768672
311,0.733970868583,0.250539587345,0.0154895440712
312,0.698360149581,0.280422239816,0.0212176106037
314,0.928323918265,0.0662204185254,0.00545566320938
316,0.758422945866,0.224046440912,0.0175306132221
318,0.909821360648,0.0841804076966,0.0059982316553
322,0.451297396808,0.337013209426,0.211689393766
324,0.722589366753,0.258216723208,0.0191939100392
325,0.186063411816,0.181135494589,0.632801093595
326,0.876740511878,0.116039773182,0.0072197149401
328,0.707083465732,0.271180336711,0.0217361975573
329,0.399702094499,0.358399411984,0.241898493517
330,0.762570256447,0.22685936941,0.0105703741438
331,0.961091340529,0.0340462464746,0.00486241299684
332,0.963126807421,0.0319340205276,0.004939172051
333,0.529891644988,0.434064904937,0.0360434500755
335,0.859674846589,0.132714265413,0.00761088799784
336,0.459824240834,0.497373413957,0.0428023452092
337,0.533974398254,0.419460913247,0.0465646884993
340,0.178337889365,0.172497877784,0.649164232851
342,0.160386740847,0.13769392462,0.701919334533
344,0.964457977302,0.0307059895668,0.00483603313117
346,0.939014304872,0.0555249405666,0.00546075456143
347,0.588372196333,0.394452967607,0.0171748360604
349,0.915575567564,0.0785140337779,0.00591039865764
351,0.81140414345,0.179590868667,0.00900498788278
352,0.963888883609,0.0312938101109,0.00481730627962
353,0.965031947436,0.030164881067,0.00480317149729
354,0.787117414686,0.202293198625,0.0105893866892
356,0.775441466687,0.215471388073,0.00908714523955
359,0.660951493475,0.316304806229,0.0227437002957
361,0.867038645402,0.125397130136,0.00756422446173
362,0.706841178903,0.279716230403,0.0134425906947
365,0.858709736818,0.129545628709,0.0117446344731
366,0.773668492206,0.213329081214,0.0130024265792
367,0.528439727291,0.435174464514,0.0363858081947
368,0.760612519581,0.228056532161,0.0113309482576
369,0.548812329285,0.406315798681,0.0448718720334
370,0.678168937894,0.307426160337,0.0144049017684
372,0.678911647489,0.296315548929,0.0247728035822
374,0.767635072619,0.222276230379,0.0100886970027
375,0.286806890881,0.368026968311,0.345166140808
376,0.18302221718,0.177923714698,0.639054068122
378,0.460531836984,0.404579469226,0.13488869379
380,0.959057494624,0.0360486281095,0.0048938772669
382,0.849223348501,0.14265687344,0.00811977805857
383,0.721996215628,0.259846125186,0.0181576591863
384,0.634981690521,0.350763782022,0.0142545274573
386,0.173326232485,0.149749264557,0.676924502958
388,0.962636178864,0.0324980067542,0.00486581438132
389,0.754409485106,0.222847290774,0.0227432241208
390,0.865888984216,0.126679173573,0.00743184221112
393,0.649311158605,0.301092130591,0.0495967108039
394,0.194978007498,0.254927111582,0.55009488092
395,0.421537707159,0.282116460442,0.296345832399
396,0.179035607586,0.169780108929,0.651184283485
398,0.627502604059,0.342076730083,0.0304206658586
399,0.371211441393,0.393352137809,0.235436420798
401,0.914266283232,0.0792213408813,0.00651237588641
402,0.855434725026,0.133342509647,0.0112227653268
404,0.833224694878,0.156422761605,0.0103525435175
405,0.959471452118,0.0355655927543,0.00496295512773
407,0.747130983588,0.24255936675,0.010309649662
410,0.881118030297,0.111941649318,0.00694032038506
414,0.394822961474,0.486905253368,0.118271785158
416,0.421235826377,0.338557413994,0.240206759629
418,0.963325102756,0.0318339829213,0.00484091432247
419,0.232898086477,0.270276313461,0.496825600062
422,0.735686142905,0.251765315261,0.0125485418339
423,0.795141520662,0.190129797298,0.0147286820398
425,0.868480348317,0.12399865729,0.00752099439301
426,0.763038923939,0.22897851752,0.00798255854119
427,0.959705116779,0.0353360690171,0.00495881420359
428,0.561222008761,0.411166576695,0.0276114145443
431,0.800634897671,0.183871184842,0.0154939174872
433,0.860677380506,0.132026356458,0.00729626303533
434,0.96565871905,0.02951861745,0.00482266349951
435,0.813740072283,0.176746925952,0.00951300176448
436,0.881440830216,0.111461412975,0.00709775680921
440,0.795052530489,0.193279818786,0.0116676507243
441,0.156489746042,0.137248479152,0.706261774807
442,0.383292040552,0.569958614403,0.0467493450443
443,0.904746022096,0.0891357802065,0.00611819769774
445,0.459844861196,0.459693030759,0.0804621080459
448,0.168504731021,0.143835274038,0.687659994941
451,0.435959306331,0.510110785147,0.0539299085221
454,0.735801215942,0.242686864271,0.0215119197867
456,0.813297416723,0.177982503271,0.00872008000524
457,0.29465019313,0.169525049462,0.535824757409
458,0.447844208948,0.165165907021,0.386989884031
459,0.951187893781,0.0435969504709,0.00521515574801
460,0.267073792621,0.28507566093,0.447850546449
461,0.49374924486,0.234231396975,0.272019358165
463,0.752087978436,0.236543145228,0.0113688763356
464,0.642058085671,0.322271495062,0.0356704192668
467,0.173263842157,0.143443205839,0.683292952004
468,0.841995838743,0.14955367961,0.0084504816469
471,0.715669715967,0.265228482878,0.0191018011548
473,0.189423511857,0.189852917155,0.620723570988
475,0.8672020123,0.120816440404,0.0119815472959
476,0.157002600449,0.137712153118,0.705285246432
478,0.32507020989,0.339145937642,0.335783852469
481,0.47685655112,0.407870014458,0.115273434422
482,0.783421536624,0.201797269876,0.0147811935004
483,0.732127085253,0.25523298459,0.0126399301568
485,0.905959499047,0.0864011414137,0.00763935953968
490,0.964640734982,0.0304808683862,0.00487839663136
493,0.924094382214,0.0699883397621,0.00591727802385
494,0.93519701088,0.0586330504616,0.00616993865848
508,0.677709413467,0.300250977149,0.0220396093839
509,0.883270933725,0.107895749535,0.00883331673964
510,0.79828127241,0.188674895907,0.0130438316828
511,0.954853143138,0.0401916992679,0.00495515759396
512,0.733699171021,0.2537103151,0.0125905138788
513,0.213927520924,0.270254908808,0.515817570268
514,0.647439522172,0.338656396584,0.0139040812435
516,0.953001876274,0.0418863774865,0.00511174623922
517,0.939373754049,0.0454178508409,0.0152083951105
518,0.7247344008,0.260772747654,0.0144928515462
520,0.38159590215,0.296926867829,0.321477230021
521,0.746118126565,0.243437463818,0.0104444096169
522,0.906358259202,0.0872104041196,0.00643133667848
523,0.429038099237,0.377101543522,0.193860357241
524,0.804024832898,0.186838064092,0.00913710300996
525,0.430821094179,0.503290725103,0.0658881807179
526,0.485565023333,0.391472574706,0.122962401961
527,0.878101210812,0.109434604569,0.0124641846191
528,0.752479154785,0.172152591517,0.0753682536973
529,0.910730110007,0.082082668675,0.00718722131806
530,0.316132891946,0.216885122808,0.466981985246
531,0.964828580691,0.0303083207691,0.00486309854016
534,0.608402246031,0.377247239072,0.0143505148973
535,0.433226396589,0.513620218483,0.0531533849277
536,0.943250406602,0.0516526411368,0.00509695226121
537,0.494982006322,0.435778520771,0.0692394729068
538,0.710632890981,0.267641150709,0.0217259583098
539,0.179566260971,0.168882212491,0.651551526538
540,0.957673763184,0.0375043637914,0.00482187302434
542,0.617109683015,0.354212636532,0.0286776804531
545,0.47340481588,0.470101775736,0.0564934083845
546,0.598900999562,0.357058360796,0.0440406396417
547,0.958391205357,0.0366269125156,0.00498188212726
548,0.757119005694,0.2310285983,0.0118523960058
551,0.964383994007,0.0307923978103,0.00482360818235
554,0.432141364594,0.44350348949,0.124355145915
556,0.75883044849,0.200069711486,0.0410998400242
557,0.792801433308,0.196856247126,0.0103423195661
559,0.742392967088,0.242993855583,0.0146131773281
560,0.568765099974,0.353382335429,0.0778525645974
562,0.963568816359,0.0315999792194,0.0048312044213
563,0.826695786839,0.0899336803431,0.0833705328176
564,0.93537479431,0.0588632253923,0.0057619802982
565,0.640600406868,0.294904803143,0.064494789989
566,0.184314482367,0.185241101144,0.630444416489
567,0.163211382006,0.140109175121,0.696679442873
568,0.531565597587,0.432791862653,0.0356425397603
571,0.234110090815,0.45325599225,0.312633916935
572,0.855420511576,0.136842440369,0.00773704805562
573,0.903882953254,0.0901776245993,0.00593942214641
574,0.699870936564,0.273305726516,0.0268233369203
577,0.924157041408,0.0702000940879,0.0056428645037
578,0.963971779483,0.0312764737245,0.00475174679228
579,0.964557260075,0.0306161798958,0.00482656002921
582,0.391836302514,0.360869574989,0.247294122497
584,0.620517343863,0.312527017903,0.0669556382339
586,0.720645777939,0.260048583748,0.0193056383127
587,0.29720562023,0.298575865829,0.404218513941
589,0.409864905857,0.476476984619,0.113658109523
590,0.764490969313,0.221240876881,0.0142681538056
591,0.963498758545,0.0316895198035,0.00481172165138
592,0.192104704504,0.155282273141,0.652613022355
593,0.662156387057,0.30035957851,0.0374840344329
595,0.532781718489,0.36997068793,0.0972475935808
596,0.949882717767,0.044340778665,0.00577650356792
597,0.56743950795,0.394760866936,0.0377996251137
598,0.939884994649,0.0549730523247,0.00514195302601
600,0.948154294017,0.0464919865699,0.00535371941289
602,0.812195585943,0.175359314262,0.0124450997949
606,0.209751644653,0.201119606745,0.589128748601
607,0.578368915839,0.394321319365,0.0273097647957
609,0.759096935348,0.229113875788,0.011789188864
610,0.334499462926,0.533425936581,0.132074600493
611,0.536671151753,0.405604927974,0.0577239202732
612,0.678937940346,0.306685396496,0.0143766631581
613,0.945619434753,0.0490066485225,0.00537391672428
614,0.889804497604,0.103695457569,0.00650004482668
617,0.326459462135,0.595767609932,0.0777729279332
619,0.657549459363,0.206941336528,0.135509204109
620,0.155172309227,0.137067720762,0.707759970011
621,0.887897939631,0.104918653184,0.00718340718448
625,0.183340450213,0.258015537996,0.558644011791
627,0.641631490422,0.325292822981,0.0330756865969
628,0.819265965127,0.161716276467,0.0190177584052
629,0.393420431658,0.413886981239,0.192692587103
631,0.191766685379,0.183944394785,0.624288919836
632,0.593027017737,0.377544882836,0.029428099427
633,0.955539855418,0.0394108444304,0.00504930015131
635,0.544697796385,0.37031085372,0.0849913498949
639,0.688637941695,0.291700572788,0.0196614855164
641,0.741770900376,0.243959129442,0.0142699701825
642,0.472004016742,0.475817808732,0.0521781745261
643,0.156935049821,0.137399839505,0.705665110674
644,0.883047299056,0.110116554084,0.00683614686071
645,0.826809905069,0.162701741891,0.0104883530399
647,0.338531592359,0.331651468207,0.329816939434
648,0.687246196804,0.3022327677,0.0105210354962
649,0.747917591635,0.239938692963,0.0121437154026
650,0.674042399835,0.303437674123,0.022519926042
652,0.713993618877,0.267345620412,0.0186607607108
653,0.600022283572,0.370240387668,0.0297373287598
654,0.558472270583,0.410262864579,0.0312648648373
655,0.483036874638,0.454864850171,0.0620982751907
658,0.248239755339,0.637439353735,0.114320890926
659,0.762830402703,0.224050819016,0.0131187782802
661,0.449768692768,0.500771760293,0.0494595469389
664,0.174020938306,0.167042437277,0.658936624416
666,0.746984582874,0.239401094934,0.0136143221917
667,0.964479653105,0.0306886280859,0.00483171880914
668,0.769442146648,0.219106121123,0.0114517322292
669,0.831391454326,0.159976504002,0.00863204167177
670,0.756273042378,0.22662993773,0.0170970198913
671,0.802263451762,0.186191079486,0.0115454687526
672,0.763749258668,0.224611572441,0.0116391688909
673,0.275936660975,0.296468886881,0.427594452144
674,0.819056364535,0.167097504562,0.0138461309022
675,0.374923747759,0.306329071647,0.318747180594
676,0.432099362852,0.433991925121,0.133908712027
677,0.794270353048,0.189766507771,0.0159631391806
685,0.305574929697,0.496661069771,0.197764000532
686,0.934484046373,0.0594267401608,0.00608921346645
688,0.962329718422,0.0326842776317,0.00498600394677
689,0.377156161945,0.253703426577,0.369140411478
690,0.63647825488,0.336261400091,0.0272603450287
692,0.947460978756,0.0442986397998,0.00824038144422
694,0.430475305483,0.502319939067,0.0672047554505
695,0.888116578588,0.103702848763,0.00818057264856
696,0.206868506179,0.217900855013,0.575230638808
697,0.292809545548,0.17037988714,0.536810567311
699,0.593789135676,0.3216564915,0.0845543728243
700,0.586862507427,0.372953148963,0.04018434361
701,0.881052675954,0.103653277422,0.015294046624
704,0.732519505148,0.250703554219,0.0167769406331
705,0.712059142003,0.268019201639,0.0199216563589
706,0.795791245368,0.167675487911,0.0365332667219
707,0.794322147942,0.195621199089,0.0100566529684
708,0.31754629127,0.32615079782,0.35630291091
709,0.669370412302,0.307485053093,0.0231445346054
710,0.314477921199,0.314124001808,0.371398076994
711,0.695973330929,0.281718722558,0.0223079465129
712,0.846462247606,0.140821725201,0.0127160271924
713,0.910203313675,0.0835017997164,0.00629488660829
717,0.866212787908,0.124891701716,0.00889551037669
718,0.962587094255,0.0324824638408,0.00493044190396
719,0.177558799168,0.151777697654,0.670663503178
723,0.666926764559,0.318011208512,0.0150620269293
724,0.965025157286,0.0301700393814,0.00480480333242
725,0.658154735073,0.318011548875,0.0238337160521
726,0.855421955667,0.133074627654,0.0115034166785
728,0.679754232917,0.291406609487,0.0288391575959
729,0.320522997432,0.584383954335,0.095093048233
730,0.652861509119,0.323839625531,0.0232988653495
735,0.906476646655,0.0870616723357,0.00646168100969
736,0.525009407152,0.390167596658,0.08482299619
737,0.156129612774,0.136639286656,0.707231100569
738,0.821597383801,0.164947417649,0.0134551985493
739,0.891417743618,0.0976642234074,0.0109180329751
743,0.675041427309,0.302546497684,0.0224120750072
744,0.749157185277,0.233242963812,0.0175998509117
746,0.722536405883,0.258196426224,0.0192671678931
749,0.855873241922,0.135337733875,0.00878902420308
750,0.412380002694,0.481824000397,0.105795996909
751,0.468669432004,0.377656697639,0.153673870357
753,0.856116056249,0.133981630129,0.00990231362185
754,0.633899384227,0.338103647137,0.027996968636
756,0.790629898569,0.199284783024,0.0100853184067
757,0.709977124858,0.269491002907,0.0205318722347
758,0.638337256812,0.32503238538,0.0366303578074
759,0.112703192718,0.196528154552,0.69076865273
760,0.484990373843,0.456393379198,0.058616246959
761,0.453873034546,0.486928749697,0.0591982157573
762,0.677595033842,0.300285371982,0.0221195941761
763,0.813833874445,0.176656010825,0.00951011472974
764,0.947072296352,0.0478167516646,0.00511095198321
765,0.316103328943,0.631194411315,0.0527022597417
767,0.951909408373,0.0429622561362,0.00512833549056
770,0.427906028322,0.476158507418,0.0959354642604
771,0.74221399592,0.175485859174,0.0823001449054
773,0.665693651894,0.297496592676,0.0368097554298
774,0.919433356082,0.0748622896721,0.00570435424617
775,0.956830289357,0.0371339451363,0.00603576550637
776,0.63997446828,0.294723212678,0.0653023190416
779,0.962943469191,0.0321935940291,0.00486293677944
781,0.702430369213,0.270864230204,0.0267054005828
782,0.156087265973,0.137165138111,0.706747595916
783,0.569670343783,0.400194094068,0.0301355621489
785,0.932326364735,0.0622951428851,0.00537849238001
786,0.962426328033,0.0326558538719,0.00491781809548
790,0.324450847332,0.337859278542,0.337689874126
791,0.499366502614,0.452498493372,0.0481350040142
792,0.849293878308,0.142588437175,0.00811768451798
793,0.846541346034,0.143306021683,0.0101526322829
798,0.434443538543,0.364477865578,0.201078595878
799,0.675771810368,0.313318760944,0.0109094286882
800,0.763468114723,0.224883585055,0.0116483002219
801,0.604994230972,0.382176861149,0.0128289078795
802,0.172025868829,0.14886646845,0.679107662721
803,0.674308751206,0.275779653019,0.0499115957755
804,0.782995513352,0.2066535395,0.0103509471479
805,0.36538404421,0.471625211203,0.162990744587
806,0.523544606318,0.260055904572,0.21639948911
807,0.62603496353,0.286775599865,0.0871894366048
808,0.95821555134,0.0367757608422,0.00500868781824
814,0.614518451563,0.159824060743,0.225657487693
815,0.874622278047,0.118195727362,0.00718199459093
816,0.433279655931,0.474253457437,0.0924668866328
817,0.724213893166,0.25640971841,0.0193763884243
819,0.607407977379,0.337910710136,0.0546813124852
820,0.887540413075,0.104330682975,0.00812890395043
823,0.819032054689,0.163128593887,0.0178393514242
824,0.633557786491,0.338351473479,0.02809074003
825,0.743795835567,0.239374044831,0.0168301196016
826,0.95558743692,0.0394731913779,0.00493937170235
828,0.438379793345,0.383661353791,0.177958852864
829,0.964660872806,0.0305137763853,0.00482535080859
830,0.964993818948,0.0301994855568,0.00480669549527
832,0.702944723008,0.283486824557,0.0135684524343
833,0.242439137517,0.255437604927,0.502123257556
834,0.65180805667,0.284760408876,0.0634315344546
835,0.265340043422,0.251398946392,0.483261010186
837,0.957513670574,0.0374771220684,0.00500920735763
838,0.626292133275,0.328575763741,0.0451321029837
842,0.965020773592,0.0301349438645,0.00484428254385
844,0.715970019201,0.269617554155,0.014412426644
846,0.340340249151,0.334391912418,0.325267838431
847,0.583746876848,0.37929307521,0.0369600479419
848,0.958662846906,0.0364911155992,0.004846037495
849,0.947454635704,0.0476262178882,0.00491914640773
851,0.792164734043,0.197680457493,0.0101548084638
852,0.951558829016,0.0434240967585,0.00501707422512
854,0.641901739956,0.325767408679,0.032330851365
857,0.611919899357,0.358293931277,0.0297861693663
860,0.522876019326,0.420907736366,0.0562162443089
861,0.325226337305,0.476276620115,0.198497042579
862,0.294014855267,0.411067199117,0.294917945616
863,0.924755282323,0.0644371591761,0.0108075585005
864,0.959133221648,0.0360268064985,0.00483997185314
865,0.457013627806,0.504247952016,0.038738420178
867,0.483129721088,0.49532849862,0.0215417802919
868,0.963605826564,0.0315147906025,0.00487938283361
872,0.18506049014,0.187664868793,0.627274641067
875,0.531451450569,0.395853980214,0.0726945692168
876,0.963676376641,0.0314811218262,0.0048425015329
877,0.295077655457,0.501895986054,0.203026358488
879,0.934032980107,0.0606564171027,0.00531060279042
880,0.92298390855,0.0677728511711,0.00924324027933
882,0.680182744038,0.299375602816,0.0204416531462
884,0.36851601927,0.592898126414,0.0385858543169
887,0.954432489506,0.0404520128407,0.0051154976531
889,0.965027340794,0.0301682191456,0.00480444006082
890,0.405562455135,0.345727962787,0.248709582078
891,0.95986593865,0.035206626052,0.00492743529806
894,0.776991711577,0.208744218914,0.0142640695086
895,0.612265773156,0.373484146153,0.014250080691
898,0.840331524546,0.150585243931,0.0090832315228
899,0.964660772795,0.0305178809434,0.00482134626203
904,0.724669174181,0.25377736892,0.0215534568984
907,0.647194405226,0.314623420132,0.0381821746427
908,0.176109398306,0.168589226373,0.655301375321
910,0.758222425534,0.207878050642,0.033899523824
911,0.455596191192,0.163852006085,0.380551802723
913,0.96479210586,0.0303484791982,0.00485941494178
915,0.913698469467,0.0798355349889,0.00646599554419
916,0.769012958727,0.221227222246,0.00975981902705
919,0.959678418605,0.0353434349728,0.00497814642225
921,0.94743341134,0.0474729538853,0.00509363477486
923,0.848952426077,0.142745600031,0.00830197389139
925,0.686498109689,0.299389500026,0.0141123902849
927,0.569141356909,0.394491054775,0.0363675883158
930,0.958657718679,0.0365085412977,0.00483374002369
931,0.768020606913,0.22011426044,0.011865132647
932,0.964520315184,0.0306581436327,0.00482154118342
933,0.496354893317,0.438262491913,0.0653826147709
934,0.688147989825,0.299713657586,0.0121383525897
935,0.286809498729,0.332359548081,0.380830953191
936,0.725957841361,0.258862350652,0.015179807987
937,0.555039796412,0.373750761655,0.0712094419332
939,0.28415785975,0.307231975875,0.408610164376
940,0.729587613088,0.252882811394,0.0175295755175
941,0.372435221401,0.594261564043,0.0333032145555
942,0.957721322412,0.0372469720239,0.00503170556419
944,0.959697647813,0.0353319496281,0.00497040255921
945,0.941156473904,0.0536056750953,0.00523785100076
947,0.204664758487,0.21728774559,0.578047495924
950,0.961612798898,0.0334943893458,0.00489281175605
951,0.721975103014,0.257624672793,0.0204002241923
953,0.702794470301,0.277381090331,0.0198244393681
955,0.786053871782,0.201904753453,0.0120413747656
956,0.534878350002,0.420761464649,0.0443601853488
960,0.524950924761,0.38807381226,0.086975262979
962,0.921569898215,0.0724887469743,0.00594135481049
963,0.746751118577,0.23396603095,0.019282850473
964,0.936795015227,0.0575078332556,0.00569715151768
965,0.179863569517,0.193006823295,0.627129607188
966,0.964679125918,0.0304933664089,0.00482750767288
970,0.657039879325,0.327036162103,0.0159239585717
973,0.948849749906,0.0461203532372,0.00502989685658
974,0.875945132856,0.117152289365,0.00690257777848
976,0.765250952688,0.223158824997,0.0115902223155
977,0.519864373125,0.420395007022,0.0597406198529
979,0.733786967474,0.244985952681,0.0212270798446
981,0.64116829173,0.328128373159,0.0307033351107
982,0.661402767599,0.315948834027,0.0226483983736
983,0.965651229441,0.0295249076467,0.00482386291224
985,0.950785253287,0.0442106810876,0.00500406562506
986,0.520889772626,0.423219104869,0.0558911225053
987,0.869367587773,0.122772173227,0.00786023899935
990,0.871831222041,0.120460685179,0.00770809278071
993,0.429047323562,0.520747925687,0.0502047507502
994,0.892795445725,0.0955288279594,0.0116757263157
995,0.57071233418,0.354340397744,0.0749472680757
996,0.843349279627,0.148240701571,0.00841001880215
997,0.299197721894,0.593296337897,0.10750594021
1000,0.46837717722,0.439745372335,0.0918774504448
1001,0.835707862834,0.150361736078,0.0139304010873
1004,0.51832211711,0.436691055588,0.0449868273026
1007,0.71324069285,0.268562304763,0.018197002387
1008,0.727307005262,0.246326947721,0.0263660470167
1009,0.66460710576,0.312350889307,0.0230420049331
1010,0.742740484502,0.238988994271,0.0182705212268
1011,0.891896922634,0.100437445171,0.00766563219498
1012,0.822930820931,0.168060216414,0.00900896265537
1013,0.8952497227,0.0980680837426,0.00668219355746
1016,0.815530126752,0.175012319881,0.00945755336717
1017,0.669269894233,0.315058406907,0.0156716988603
1018,0.208249729529,0.236638107643,0.555112162827
1021,0.962309599945,0.0327426680936,0.00494773196148
1023,0.944303198158,0.0494249302586,0.00627187158313
1024,0.854738859467,0.136043696095,0.00921744443732
1025,0.41302174306,0.529034485255,0.0579437716848
1026,0.672651667883,0.311563375438,0.0157849566797
1027,0.718980409328,0.270287988491,0.0107316021814
1029,0.952946691478,0.0420491072651,0.00500420125695
1032,0.811248379758,0.178969630349,0.00978198989362
1033,0.794698053207,0.194257599303,0.0110443474903
1034,0.717501034432,0.264557877882,0.0179410876862
1036,0.610372172242,0.359679799476,0.0299480282824
1037,0.961450871758,0.03364013084,0.00490899740194
1038,0.69740816753,0.288842952024,0.0137488804462
1039,0.519171847402,0.342183942644,0.138644209954
1041,0.20706522386,0.21041591278,0.582518863359
1042,0.825774667557,0.16543240461,0.00879292783306
1043,0.558878070978,0.425350423973,0.0157715050486
1045,0.956418541569,0.0386750369225,0.00490642150832
1049,0.852392911555,0.139486421872,0.00812066657308
1052,0.904561062739,0.0852180255869,0.0102209116744
1053,0.661817986488,0.315622127365,0.022559886147
1055,0.96180786207,0.0333346782178,0.00485745971174
1056,0.533487134055,0.398380688823,0.0681321771218
1057,0.686998702201,0.288646683703,0.0243546140956
1058,0.700337153446,0.28717249154,0.0124903550135
1059,0.939931452011,0.0545508450861,0.0055177029031
1060,0.677184778795,0.297714090322,0.0251011308826
1061,0.174662485662,0.154751475832,0.670586038507
1062,0.627766922918,0.342731665383,0.0295014116994
1063,0.390755473776,0.3977696902,0.211474836025
1066,0.88524608306,0.107549802928,0.0072041140117
1067,0.959148799119,0.0359802221376,0.00487097874345
1068,0.605892548728,0.358789215498,0.0353182357734
1073,0.156000266658,0.137973012459,0.706026720883
1074,0.521053128723,0.440936958479,0.0380099127973
1075,0.915580133971,0.0785573701983,0.00586249583022
1076,0.903300826368,0.0827404305573,0.0139587430748
1078,0.95198913361,0.0427679376052,0.00524292878527
1081,0.960767070233,0.0343530733253,0.00487985644207
1082,0.155871520833,0.140382070438,0.703746408729
1083,0.964696618373,0.0304774961958,0.00482588543154
1084,0.714328894511,0.265541056412,0.0201300490775
1088,0.661022016394,0.311507447093,0.0274705365136
1089,0.893055120629,0.100406076423,0.00653880294847
1091,0.654873957966,0.323853461904,0.0212725801301
1092,0.712038367305,0.268035015172,0.0199266175233
1093,0.637367534518,0.343644403344,0.0189880621383
1095,0.659786905703,0.314360215988,0.0258528783092
1096,0.291579080303,0.169649753352,0.538771166345
1099,0.81758826915,0.172985750742,0.00942598010734
1100,0.962958455348,0.0321392412635,0.00490230338838
1106,0.30321872953,0.278246025732,0.418535244738
1109,0.569521677277,0.405086285083,0.0253920376398
1113,0.953323353786,0.0416043814833,0.00507226473032
1114,0.935173253018,0.0596065355302,0.00522021145174
1119,0.873133135757,0.119569274408,0.00729758983481
1121,0.948368308792,0.0460450891805,0.00558660202743
1122,0.583192748054,0.387866075021,0.028941176925
1123,0.718472616665,0.261119225792,0.0204081575426
1124,0.721356138738,0.267438026912,0.0112058343501
1125,0.263622684067,0.408075615734,0.328301700199
1127,0.465770281474,0.380993694454,0.153236024072
1128,0.806164563926,0.184248243295,0.0095871927785
1129,0.962185787414,0.0329430716281,0.00487114095764
1130,0.633339751241,0.340331093979,0.0263291547804
1133,0.725427285536,0.245642136553,0.0289305779111
1135,0.412421894615,0.481863114757,0.105714990628
1138,0.180851922937,0.188467062727,0.630681014336
1139,0.718221073596,0.253128597871,0.0286503285331
1140,0.174184843099,0.181108167487,0.644706989413
1141,0.944548293101,0.0500641771715,0.00538752972794
1145,0.823268466015,0.16412211411,0.0126094198747
1146,0.781385230307,0.20068859923,0.0179261704633
1147,0.88401116979,0.108924051514,0.00706477869665
1149,0.779653361214,0.202805954026,0.0175406847598
1150,0.681093806801,0.297557471024,0.0213487221753
1151,0.737353100856,0.242859266337,0.0197876328062
1153,0.29372191019,0.299717047464,0.406561042346
1155,0.544917519566,0.431935917643,0.0231465627912
1156,0.437620072851,0.510317180932,0.0520627462164
1157,0.871540296982,0.11566796766,0.0127917353581
1158,0.772843615142,0.215327552839,0.0118288320187
1160,0.96406434386,0.0310881199339,0.0048475362057
1161,0.670877370693,0.193415890296,0.135706739011
1163,0.595961899932,0.378260225753,0.0257778743155
1167,0.964621779449,0.0305467838949,0.00483143665621
1168,0.747333529485,0.241120857208,0.0115456133068
1169,0.492471902428,0.370843269283,0.136684828289
1170,0.176702517563,0.160746682519,0.662550799918
1173,0.769315392066,0.213511498767,0.0171731091667
1174,0.209656252259,0.226961812935,0.563381934805
1175,0.626735645855,0.353675763348,0.019588590797
1176,0.602571960667,0.376361215571,0.021066823762
1178,0.156362534123,0.136981716599,0.706655749278
1179,0.964828101623,0.0303061013845,0.00486579699273
1180,0.941773763074,0.0530513050247,0.00517493190105
1181,0.855492346872,0.137191296725,0.00731635640259
1182,0.453148447565,0.483861664009,0.0629898884259
1183,0.919543575758,0.0747406515123,0.00571577273001
1185,0.755606656371,0.230963396883,0.0134299467463
1186,0.819125117884,0.167037598578,0.0138372835384
1187,0.817093075998,0.168923116828,0.0139838071738
1188,0.929745730455,0.0645214285869,0.00573284095815
1189,0.667474327691,0.308225591584,0.0243000807247
1190,0.430944823327,0.36618055131,0.202874625362
1191,0.17510890619,0.155576021347,0.669315072463
1192,0.409097400688,0.496493349105,0.0944092502067
1195,0.581971204434,0.235240932872,0.182787862694
1198,0.957030971098,0.0381032419915,0.00486578691081
1199,0.949249050601,0.0457079359877,0.00504301341168
1200,0.416890814546,0.482915969152,0.100193216302
1201,0.3831953337,0.225639981784,0.391164684516
1202,0.79601599521,0.194455257207,0.00952874758382
1204,0.848700767316,0.139336035813,0.0119631968707
1206,0.816463434286,0.164826767999,0.0187097977153
1208,0.962391252103,0.0327749952985,0.00483375259891
1209,0.337161677342,0.364407388818,0.29843093384
1212,0.964521261747,0.0306363406938,0.0048423975596
1219,0.752532881072,0.235943018703,0.0115241002246
1220,0.488759593612,0.483614034611,0.0276263717762
1221,0.379398779057,0.545385948822,0.075215272121
1224,0.960807254223,0.034240271316,0.0049524744609
1227,0.947729579914,0.0472562916774,0.00501412840842
1229,0.901804893682,0.0919100005141,0.00628510580373
1230,0.659465978564,0.31721806814,0.0233159532961
1231,0.512585320406,0.432602984827,0.0548116947671
1232,0.693098856575,0.293523332819,0.0133778106062
1233,0.207948571704,0.238961763147,0.553089665149
1234,0.507212937178,0.364588196624,0.128198866198
1237,0.669937266044,0.294196788487,0.0358659454692
1238,0.72010071065,0.267368534442,0.012530754908
1240,0.279306316947,0.324750506845,0.395943176208
1243,0.724530539218,0.263747873861,0.0117215869211
1245,0.724718423391,0.253939060021,0.0213425165881
1246,0.576682694135,0.381541723404,0.0417755824616
1249,0.915042004445,0.0786840276201,0.00627396793476
1250,0.723127083483,0.264766615605,0.0121063009119
1252,0.702428505977,0.271712206596,0.0258592874273
1253,0.22509442176,0.203824580671,0.571080997568
1254,0.952919144423,0.0426659463556,0.00441490922143
1256,0.959009441428,0.0361772939478,0.0048132646241
1259,0.222412967647,0.208208356937,0.569378675416
1260,0.935046726123,0.0596313069091,0.00532196696755
1261,0.956714032716,0.038573727411,0.00471223987277
1263,0.876706245392,0.116053870659,0.00723988394894
1267,0.725581403668,0.245678059536,0.0287405367962
1268,0.91938229455,0.0746355642669,0.00598214118302
1270,0.873040429658,0.119337882182,0.00762168816057
1272,0.701577338181,0.272997167049,0.0254254947695
1273,0.706135354867,0.280896976346,0.0129676687868
1275,0.372758288775,0.49893631797,0.128305393255
1276,0.826062379045,0.159024871264,0.0149127496914
1277,0.636397234327,0.336318681941,0.0272840837317
1278,0.39663505702,0.539704546543,0.0636603964368
1279,0.831449531231,0.156384877428,0.012165591341
1280,0.526639037044,0.250707946954,0.222653016003
1281,0.933257826906,0.061398836572,0.00534333652252
1285,0.725998608395,0.262407741402,0.0115936502021
1286,0.626473989866,0.213602386302,0.159923623833
1287,0.846313775728,0.145360285973,0.00832593829967
1288,0.823309363563,0.163847121094,0.0128435153428
1289,0.962085243748,0.0329789973964,0.00493575885516
1290,0.775435205788,0.212950533345,0.0116142608671
1291,0.475297785317,0.308925332699,0.215776881984
1292,0.75604413177,0.226145244801,0.0178106234292
1293,0.964070678344,0.0310321241864,0.0048971974691
1294,0.253104750522,0.604992596955,0.141902652523
1297,0.890751216567,0.103026032275,0.00622275115733
1298,0.665169996417,0.310362051912,0.024467951671
1300,0.789522409125,0.195159850776,0.0153177400987
1301,0.954516073492,0.0405394628269,0.00494446368153
1302,0.805265976844,0.186433343837,0.00830067931904
1303,0.618044043853,0.351811999613,0.0301439565344
1304,0.943412060008,0.0513391118473,0.00524882814456
1305,0.943709883937,0.0489508573344,0.00733925872865
1306,0.851603979157,0.14031734751,0.00807867333302
1307,0.323523865648,0.254833009461,0.421643124891
1311,0.715607978927,0.271445151488,0.0129468695848
1313,0.177668604143,0.167119862934,0.655211532923
