id,predict_0,predict_1,predict_2
2,0.782740097042,0.217259902958,0.0
3,0.3179137055,0.663041923411,0.0190443710892
4,0.810594456795,0.175130478802,0.0142750644032
7,0.178502762072,0.7508843461,0.0706128918279
9,0.213329935412,0.49025622171,0.296413842878
10,0.929148046182,0.070851953818,0.0
11,0.644837578751,0.355162421249,0.0
12,0.998222214014,0.00177778598604,0.0
14,0.182113763152,0.817886236848,0.0
15,0.979565055064,0.0204349449356,0.0
16,0.140883749927,0.720471556977,0.138644693096
17,0.594830981123,0.390563482543,0.0146055363338
18,1.0,0.0,0.0
21,0.0640038030129,0.65250647725,0.283489719737
22,0.829936522666,0.170063477334,0.0
25,0.506487148241,0.478622339727,0.0148905120314
30,0.955891771821,0.044108228179,0.0
32,0.431972616498,0.568027383502,0.0
34,0.330681022747,0.217454294039,0.451864683214
35,0.172788227609,0.818082107522,0.00912966486892
36,0.404048247787,0.595951752213,0.0
37,0.995476055517,0.00452394448287,0.0
39,0.893707308369,0.096608299092,0.00968439253901
40,0.238976696004,0.490427407956,0.27059589604
41,0.522499934812,0.477500065188,0.0
42,0.170317884272,0.829682115728,0.0
45,0.0489062523878,0.196559298325,0.754534449287
46,0.977178157705,0.0228218422946,0.0
47,0.53453120794,0.376587358849,0.0888814332116
48,0.150147464651,0.160660833983,0.689191701366
50,0.440121105484,0.451771758639,0.108107135877
51,0.143840898903,0.832461186776,0.0236979143208
52,0.985500439362,0.0144995606379,0.0
56,0.374283472652,0.625716527348,0.0
58,0.362635402063,0.624895243322,0.0124693546145
62,0.960299337275,0.0397006627252,0.0
63,0.998565886811,0.00143411318939,0.0
65,0.0932484960219,0.190997089232,0.715754414746
66,0.0847529070035,0.172420808455,0.742826284542
70,0.154853522768,0.129802797679,0.715343679553
71,0.935707599099,0.0642924009015,0.0
72,0.263372269322,0.518534106634,0.218093624044
73,0.981465017901,0.0185349820995,0.0
74,0.397243226807,0.602756773193,0.0
76,0.89393196834,0.10606803166,0.0
77,0.505083406197,0.329630033717,0.165286560085
78,0.0691757695093,0.313692055892,0.617132174598
82,0.127698506157,0.830189344663,0.0421121491806
85,0.163293025682,0.173090498477,0.66361647584
86,0.985807429769,0.0141925702311,0.0
87,0.77698023364,0.205781839768,0.0172379265917
95,1.0,0.0,0.0
96,0.21791309457,0.0343399684831,0.747746936946
97,0.83807449264,0.0954744611376,0.0664510462223
98,1.0,0.0,0.0
100,0.978749504563,0.0212504954371,0.0
101,0.563162306254,0.436837693746,0.0
102,1.0,0.0,0.0
103,0.282642538676,0.707461585791,0.00989587553239
106,0.563982994832,0.114961983068,0.3210550221
108,0.0614959712608,0.938504028739,0.0
109,0.671398303055,0.328601696945,0.0
110,0.542018036029,0.457981963971,0.0
113,0.238505797265,0.230116343492,0.531377859243
114,0.648491974755,0.351508025245,0.0
116,0.852505138565,0.0730790294965,0.0744158319385
117,0.306697518595,0.604200674761,0.0891018066441
118,0.310317517838,0.595157843212,0.0945246389498
121,0.921316425733,0.0786835742666,0.0
122,0.938984888125,0.0610151118748,0.0
123,0.790311715446,0.209688284554,0.0
124,0.980509269936,0.0194907300638,0.0
126,0.118713990522,0.881286009478,0.0
127,0.659536134084,0.336315240426,0.00414862548987
128,0.686358865957,0.313641134043,0.0
133,0.164829615204,0.785852470242,0.0493179145533
136,0.0985486949204,0.393739655914,0.507711649165
137,0.586810025624,0.413189974376,0.0
140,0.625138420883,0.374861579117,0.0
141,0.204112369138,0.795887630862,0.0
143,0.591912300201,0.283959091724,0.124128608075
144,1.0,0.0,0.0
145,0.0208989136625,0.0117441580035,0.967356928334
147,0.0871361847448,0.063117929186,0.849745886069
148,0.188292651072,0.811707348928,0.0
150,0.338716727668,0.661283272332,0.0
151,0.598052576112,0.26815062011,0.133796803777
153,0.897029730288,0.0983180365274,0.00465223318443
155,0.994477993264,0.00552200673557,0.0
156,1.0,0.0,0.0
160,0.224757622785,0.703164005298,0.0720783719163
163,0.228399269756,0.406475281356,0.365125448888
164,0.489485190392,0.510514809608,0.0
165,0.273824579201,0.717117557003,0.00905786379591
166,0.974119811344,0.0258801886565,0.0
167,0.527352036536,0.333067548895,0.139580414569
168,0.964421142549,0.0355788574514,0.0
169,0.942389529158,0.0576104708424,0.0
170,0.0705639666476,0.0292799376217,0.900156095731
171,0.434552168724,0.565447831276,0.0
172,0.0852150001571,0.165154660263,0.74963033958
173,0.310358503696,0.689641496304,0.0
174,0.248197762965,0.606296118892,0.145506118143
175,0.809159300449,0.190840699551,0.0
176,0.14973695694,0.27572595656,0.574537086499
180,1.0,0.0,0.0
181,0.0753801918797,0.0842853701374,0.840334437983
182,0.098722541822,0.871338076696,0.0299393814823
185,0.366542836007,0.633457163993,0.0
186,0.609976341418,0.136470752945,0.253552905637
187,0.65370986259,0.172372068063,0.173918069347
189,0.0958617438515,0.831615618394,0.0725226377544
192,0.210854835204,0.763368834118,0.0257763306777
194,0.998443738657,0.00155626134301,0.0
195,0.660351884808,0.339648115192,0.0
197,0.985130428684,0.0148695713159,0.0
198,0.677706821965,0.322293178035,0.0
201,0.962204201976,0.0377957980239,0.0
202,0.870261295618,0.120784503488,0.00895420089408
203,0.881428364169,0.070306915057,0.048264720774
205,0.828089995291,0.171910004709,0.0
208,0.407007541548,0.53327132685,0.0597211316022
209,0.173556112179,0.826443887821,0.0
210,0.175006935423,0.349655917084,0.475337147493
211,0.458981754654,0.0441235731412,0.496894672205
214,0.720320143735,0.279679856265,0.0
215,0.298381800409,0.20469489583,0.496923303761
216,0.292388521421,0.689334332377,0.0182771462019
218,0.128858741891,0.860522030231,0.0106192278773
219,0.639955101775,0.3199323418,0.040112556425
220,0.254556553153,0.649635433195,0.0958080136522
222,0.182679132698,0.621652486569,0.195668380733
224,0.129859787628,0.670219603742,0.19992060863
226,0.859663937083,0.133640593242,0.00669546967434
228,0.167089327067,0.828189753422,0.00472091951072
229,0.0360936215096,0.0834887157503,0.88041766274
230,0.572926906235,0.427073093765,0.0
231,0.812019196807,0.187980803193,0.0
232,0.930272165254,0.0697278347459,0.0
233,0.99192670352,0.00807329647965,0.0
235,0.970672521901,0.0293274780986,0.0
236,1.0,0.0,0.0
237,0.592033636675,0.102849438175,0.30511692515
241,0.981644651232,0.0183553487682,0.0
244,0.887521885489,0.112478114511,0.0
245,0.430968081546,0.569031918454,0.0
246,0.332780594247,0.638129703492,0.0290897022608
249,0.516258778096,0.483741221904,0.0
250,0.379465397763,0.392243781385,0.228290820852
252,0.112512385594,0.634363236724,0.253124377682
253,0.0998616035496,0.0797169281718,0.820421468279
254,0.478756894319,0.134182139927,0.387060965753
255,0.605472901658,0.394527098342,0.0
258,0.585569230735,0.356199353928,0.0582314153367
261,0.196961009594,0.609045940687,0.193993049719
264,0.0171314789005,0.133503667842,0.849364853258
267,0.113698466536,0.884043065578,0.0022584678858
268,0.229133688301,0.73375933592,0.0371069757786
271,0.375164114468,0.486224983595,0.138610901937
273,1.0,0.0,0.0
276,0.976574152119,0.0234258478815,0.0
277,0.827195780886,0.172804219114,0.0
278,0.728529883557,0.271470116443,0.0
280,1.0,0.0,0.0
281,0.786199222562,0.213800777438,0.0
282,0.722159101013,0.240155185947,0.0376857130402
283,0.268553833604,0.421102312764,0.310343853632
285,0.294990329748,0.705009670252,0.0
286,0.938847884336,0.0611521156637,0.0
287,0.317314680302,0.646601122308,0.0360841973898
288,0.919998352935,0.0546123198115,0.0253893272534
289,0.985130428684,0.0148695713159,0.0
291,0.0926046220648,0.0212096855347,0.8861856924
294,0.288570724479,0.483908189035,0.227521086486
298,0.450304611253,0.438482053286,0.111213335461
301,0.844510516532,0.120102884594,0.0353865988745
303,1.0,0.0,0.0
304,0.874899507891,0.125100492109,0.0
305,0.207406442809,0.759443797754,0.0331497594373
307,0.128068578017,0.306330278031,0.565601143952
308,0.291668314274,0.253229499535,0.455102186191
309,0.250061438897,0.252738277199,0.497200283904
310,0.359500166659,0.546803943387,0.0936958899545
311,0.619000106438,0.334306498744,0.046693394818
312,0.322930385987,0.322427528581,0.354642085432
314,0.996623780574,0.00337621942599,0.0
316,0.657487215142,0.222292135609,0.120220649248
318,1.0,0.0,0.0
322,0.183471528628,0.72130089927,0.0952275721017
324,0.953070300811,0.0469296991886,0.0
325,0.166714482482,0.135114442487,0.698171075031
326,0.711672987485,0.288327012515,0.0
328,0.45052625344,0.54947374656,0.0
329,0.361126744125,0.450563154165,0.18831010171
330,0.653587220705,0.346412779295,0.0
331,0.993114468258,0.0068855317419,0.0
332,1.0,0.0,0.0
333,0.242078565504,0.747467115146,0.0104543193508
335,0.603061190242,0.396938809758,0.0
336,0.650885953861,0.327982934529,0.0211311116104
337,0.150376907598,0.834672969514,0.0149501228873
340,0.0818591471624,0.0422426949725,0.875898157865
342,0.0349035974191,0.0102040616126,0.954892340968
344,1.0,0.0,0.0
346,0.900051276614,0.0999487233857,0.0
347,0.626007110556,0.373992889444,0.0
349,0.814047660378,0.185952339622,0.0
351,0.650371884528,0.349628115472,0.0
352,0.9934820828,0.00651791719961,0.0
353,0.971475184659,0.0285248153414,0.0
354,0.439266008411,0.560733991589,0.0
356,0.747167292888,0.252832707112,0.0
359,0.0861610443418,0.686355083645,0.227483872014
361,0.777704972954,0.222295027046,0.0
362,0.211316661943,0.788683338057,0.0
365,0.621744721276,0.268768622809,0.109486655915
366,0.63491351044,0.299290024551,0.0657964650086
367,0.256754359019,0.739524337814,0.0037213031668
368,0.597964123789,0.402035876211,0.0
369,0.29073526157,0.690610433308,0.0186543051221
370,0.222135431939,0.777864568061,0.0
372,0.49805750652,0.487536696394,0.0144057970859
374,0.834184277478,0.165815722522,0.0
375,0.32720627743,0.362941661079,0.309852061491
376,0.0845563706742,0.102128927828,0.813314701498
378,0.105773990574,0.734630017931,0.159595991495
380,0.935863591783,0.0641364082169,0.0
382,0.964421142549,0.0355788574514,0.0
383,0.879874897164,0.120125102836,0.0
384,0.223997381571,0.776002618429,0.0
386,0.0878772656361,0.0723452790271,0.839777455337
388,0.967810997615,0.032189002385,0.0
389,0.688218817134,0.158963072455,0.15281811041
390,0.767717686238,0.232282313762,0.0
393,0.448556961555,0.419726811211,0.131716227234
394,0.275738604626,0.204146629085,0.520114766289
395,0.318285460785,0.497848778162,0.183865761053
396,0.0821725924116,0.0378571588892,0.879970248699
398,0.371844515443,0.628155484557,0.0
399,0.237183349224,0.67059319144,0.0922234593362
401,0.70381423223,0.279683422654,0.0165023451168
402,0.860494170515,0.139505829485,0.0
404,0.992389074866,0.00761092513427,0.0
405,0.954450556984,0.0455494430164,0.0
407,0.626347262173,0.373652737827,0.0
410,0.733983158084,0.266016841916,0.0
414,0.11909404043,0.834952147642,0.0459538119288
416,0.255078685273,0.617961534079,0.126959780648
418,0.997286480384,0.00271351961614,0.0
419,0.375763095567,0.471771354451,0.152465549982
422,0.746544879177,0.253455120823,0.0
423,0.873576693442,0.114473466388,0.0119498401694
425,0.986539676293,0.0134603237069,0.0
426,0.702206112701,0.297793887299,0.0
427,1.0,0.0,0.0
428,0.165007886451,0.824123109683,0.0108690038662
431,0.70252461726,0.29747538274,0.0
433,0.776211174307,0.223788825693,0.0
434,0.900205156968,0.0997948430315,0.0
435,1.0,0.0,0.0
436,0.951525361694,0.0484746383062,0.0
440,0.7521823046,0.2478176954,0.0
441,0.0917722721453,0.177952669631,0.730275058224
442,0.62459519301,0.353525212071,0.0218795949199
443,0.837342688162,0.162657311838,0.0
445,0.221531504924,0.640551961206,0.137916533871
448,0.0574738607962,0.0821010891836,0.86042505002
451,0.344045948571,0.648849493789,0.00710455764075
454,0.720603289493,0.165226062808,0.114170647698
456,0.993016242162,0.00698375783811,0.0
457,0.0190215977993,0.0379661558857,0.943012246315
458,0.150703818862,0.174784231696,0.674511949442
459,0.962650982071,0.0373490179292,0.0
460,0.233201682993,0.245818050704,0.520980266302
461,0.262054603252,0.546247312726,0.191698084022
463,0.325716223585,0.674283776415,0.0
464,0.671958238009,0.238800869929,0.089240892062
467,0.147761113254,0.0271334311187,0.825105455627
468,0.695415935822,0.304584064178,0.0
471,0.59958946148,0.276255370909,0.124155167611
473,0.0406649846135,0.0403266463926,0.919008368994
475,0.9453440916,0.05022440535,0.00443150305047
476,0.0819100772175,0.166222058771,0.751867864011
478,0.0429830086734,0.0969368636545,0.860080127672
481,0.292372261168,0.422192187429,0.285435551402
482,0.792298060372,0.207701939628,0.0
483,0.373098354879,0.626901645121,0.0
485,0.990384308094,0.00296860428971,0.00664708761625
490,1.0,0.0,0.0
493,0.9485942378,0.0514057621995,0.0
494,0.946448227257,0.053551772743,0.0
508,0.346826537802,0.57548378514,0.0776896770577
509,0.979340529751,0.0206594702491,0.0
510,0.981170641148,0.0188293588524,0.0
511,1.0,0.0,0.0
512,0.147798035,0.852201965,0.0
513,0.140233328615,0.158548194797,0.701218476588
514,0.459542201984,0.540457798016,0.0
516,0.618281945949,0.381718054051,0.0
517,0.216778620299,0.406803861678,0.376417518023
518,0.498405898282,0.501594101718,0.0
520,0.282605581697,0.472815448425,0.244578969878
521,0.736819238355,0.263180761645,0.0
522,0.770776625353,0.229223374647,0.0
523,0.383827307024,0.479331001164,0.136841691812
524,0.866293267753,0.133706732247,0.0
525,0.394009480947,0.572982335744,0.0330081833087
526,0.140159544963,0.729377496723,0.130462958313
527,0.702682146871,0.177982992701,0.119334860427
528,0.218257121499,0.494213989778,0.287528888723
529,0.85579443609,0.12336828954,0.0208372743702
530,0.0896907911992,0.366404932359,0.543904276441
531,1.0,0.0,0.0
534,0.103705789531,0.896294210469,0.0
535,0.16426654174,0.78164848445,0.0540849738101
536,0.996887099541,0.00311290045945,0.0
537,0.151067695237,0.747696330486,0.101235974277
538,0.62428302767,0.165784836342,0.209932135988
539,0.188470162494,0.0793768703096,0.732152967197
540,0.99174432472,0.00825567528025,0.0
542,0.230246666225,0.763628767251,0.00612456652473
545,0.470454801866,0.500822022063,0.0287231760712
546,0.154529329956,0.814212521064,0.03125814898
547,1.0,0.0,0.0
548,0.141910556542,0.858089443458,0.0
551,0.98581799602,0.0141820039797,0.0
554,0.116451849014,0.690508116202,0.193040034784
556,0.520559711244,0.161301163288,0.318139125468
557,0.534581473319,0.465418526681,0.0
559,0.983975179581,0.0160248204188,0.0
560,0.745551876185,0.148870467458,0.105577656357
562,1.0,0.0,0.0
563,0.227142776664,0.178212224746,0.59464499859
564,0.982004686085,0.0179953139149,0.0
565,0.187010004853,0.761682018411,0.0513079767359
566,0.0994012809759,0.113886521785,0.786712197239
567,0.0854823451022,0.130700216783,0.783817438115
568,0.327911546335,0.672088453665,0.0
571,0.247378824618,0.504109091371,0.248512084011
572,0.737566632651,0.262433367349,0.0
573,0.724905503543,0.275094496457,0.0
574,0.908297910696,0.0917020893037,0.0
577,0.795320101956,0.204679898044,0.0
578,0.937053870068,0.0421180189061,0.0208281110258
579,0.974321053607,0.0256789463933,0.0
582,0.0222381263831,0.108438114048,0.869323759569
584,0.178324534911,0.768771307386,0.0529041577035
586,0.37265734195,0.387770685386,0.239571972664
587,0.151919750942,0.2083849575,0.639695291557
589,0.182229158284,0.41439428412,0.403376557596
590,0.534038193128,0.436953749484,0.0290080573887
591,1.0,0.0,0.0
592,0.0681541116007,0.0637389207258,0.868106967674
593,0.0515363611433,0.927149369866,0.0213142689909
595,0.454329790873,0.513354453035,0.032315756092
596,0.929795609664,0.0455807241671,0.024623666169
597,0.378952199358,0.612231327485,0.00881647315711
598,0.765173495823,0.234826504177,0.0
600,0.943585014044,0.0564149859562,0.0
602,0.769570032097,0.153218746086,0.0772112218167
606,0.0880459682666,0.098739699566,0.813214332167
607,0.714006834425,0.284221674227,0.00177149134853
609,0.541993922872,0.458006077128,0.0
610,0.201444567372,0.720539079356,0.0780163532718
611,0.119846567329,0.870248895943,0.00990453672876
612,0.218745417105,0.781254582895,0.0
613,0.888866303565,0.111133696435,0.0
614,0.817582621687,0.182417378313,0.0
617,0.407703774073,0.404336250919,0.187959975008
619,0.297301350237,0.51172807258,0.190970577183
620,0.111592812674,0.0451423782903,0.843264809036
621,0.507379291369,0.478459967955,0.0141607406759
625,0.1216989369,0.356495048796,0.521806014304
627,0.474969394497,0.43718157006,0.0878490354437
628,0.500418718315,0.136105225468,0.363476056217
629,0.243255620831,0.506631773645,0.250112605524
631,0.0702393068767,0.111008367752,0.818752325371
632,0.321072027782,0.533328128678,0.14559984354
633,1.0,0.0,0.0
635,0.384366290553,0.457137301521,0.158496407926
639,0.357813095554,0.631644882707,0.0105420217392
641,0.661402018154,0.338597981846,0.0
642,0.232481925522,0.754960768543,0.0125573059355
643,0.0202160705781,0.048575305379,0.931208624043
644,0.568464489744,0.431535510256,0.0
645,0.678337670658,0.293508871865,0.0281534574763
647,0.0396804846537,0.155239056824,0.805080458522
648,0.645344459222,0.354655540778,0.0
649,0.305424347063,0.694575652937,0.0
650,0.214293368075,0.545022553762,0.240684078162
652,0.374077444622,0.286664480146,0.339258075231
653,0.464835670343,0.494058903879,0.0411054257777
654,0.28861332309,0.655894858374,0.0554918185356
655,0.130379186438,0.846875174582,0.0227456389804
658,0.292007816271,0.332481198449,0.375510985279
659,1.0,0.0,0.0
661,0.412030369381,0.580865072978,0.00710455764075
664,0.105019771494,0.104757065285,0.79022316322
666,0.165845869149,0.834154130851,0.0
667,0.972061012618,0.0279389873817,0.0
668,1.0,0.0,0.0
669,0.728483139478,0.271516860522,0.0
670,0.635873730299,0.183645323561,0.18048094614
671,0.97583179102,0.0241682089798,0.0
672,1.0,0.0,0.0
673,0.0858434198638,0.112299550892,0.801857029244
674,0.99,0.0,0.01
675,0.0835188231227,0.191016942511,0.725464234366
676,0.21091398905,0.662766276665,0.126319734285
677,0.482785904711,0.517214095289,0.0
685,0.288896482623,0.382389668267,0.32871384911
686,0.988029860409,0.0119701395906,0.0
688,1.0,0.0,0.0
689,0.114417278737,0.268812040599,0.616770680664
690,0.0288129116254,0.93404615286,0.0371409355148
692,0.781592635716,0.131990531607,0.0864168326779
694,0.189983142626,0.801778989745,0.0082378676293
695,0.991630299143,0.00836970085703,0.0
696,0.0772099533187,0.208643444088,0.714146602594
697,0.0361850786727,0.0410688925794,0.922746028748
699,0.344166323236,0.492649762063,0.1631839147
700,0.321309128256,0.64638902427,0.0323018474735
701,0.801310503305,0.198689496695,0.0
704,0.723163950174,0.276836049826,0.0
705,0.737374860955,0.252683604995,0.00994153405021
706,0.42784787042,0.494705975707,0.0774461538728
707,0.649481240951,0.350518759049,0.0
708,0.158281641047,0.115001942538,0.726716416415
709,0.382168436931,0.282298789343,0.335532773726
710,0.0632026779915,0.181939046632,0.754858275376
711,0.415533084934,0.49547897011,0.088987944956
712,0.87669783419,0.12330216581,0.0
713,0.380606429557,0.619393570443,0.0
717,0.994594171719,0.00540582828085,0.0
718,0.629873939315,0.370126060685,0.0
719,0.160614392511,0.17780253992,0.661583067569
723,0.532196159857,0.467803840143,0.0
724,1.0,0.0,0.0
725,0.528281342496,0.428451660786,0.043266996718
726,0.817788013129,0.182211986871,0.0
728,0.107978956722,0.820543305215,0.0714777380626
729,0.216922276184,0.703052679852,0.080025043964
730,0.751869178351,0.248130821649,0.0
735,0.627558465097,0.372441534903,0.0
736,0.383491167895,0.407005459354,0.209503372751
737,0.05773058697,0.0153909032383,0.926878509792
738,0.98595040644,0.0140495935603,0.0
739,0.69270680484,0.148892715742,0.158400479418
743,0.273662207654,0.573072229607,0.153265562739
744,0.810456712018,0.189543287982,0.0
746,0.327953716054,0.548103313025,0.123942970922
749,0.853786607658,0.146213392342,0.0
750,0.201644542733,0.47701704265,0.321338414617
751,0.0271368568125,0.962863143187,0.01
753,0.882714414439,0.101172683337,0.0161129022234
754,0.321100659346,0.678899340654,0.0
756,0.864798469244,0.135201530756,0.0
757,0.887338521768,0.107908566526,0.00475291170618
758,0.647831928542,0.314045333535,0.0381227379233
759,0.212608376187,0.516873066649,0.270518557165
760,0.398671802888,0.581024080053,0.0203041170592
761,0.210463204664,0.705029996582,0.0845067987541
762,0.186156024657,0.71283480487,0.101009170473
763,1.0,0.0,0.0
764,0.936149614558,0.0638503854423,0.0
765,0.25610111016,0.48685516563,0.25704372421
767,1.0,0.0,0.0
770,0.245921636489,0.50073178725,0.253346576261
771,0.42677671474,0.0945679560518,0.478655329208
773,0.27495205279,0.48822804307,0.23681990414
774,0.974278563534,0.0257214364657,0.0
775,0.805340914227,0.0768331631043,0.117825922669
776,0.0876524616652,0.0404552171042,0.871892321231
779,0.96010551097,0.0398944890302,0.0
781,0.917264454044,0.048647034324,0.0340885116324
782,0.0506686086556,0.147044532183,0.802286859161
783,0.277703260288,0.708338986831,0.0139577528807
785,0.915810177249,0.0841898227507,0.0
786,1.0,0.0,0.0
790,0.0490576108228,0.0819026953589,0.869039693818
791,0.808750918651,0.169814658303,0.0214344230458
792,0.964421142549,0.0355788574514,0.0
793,0.811486094831,0.188513905169,0.0
798,0.0890742914045,0.864120857226,0.0468048513699
799,0.693748565977,0.306251434023,0.0
800,1.0,0.0,0.0
801,0.931287918089,0.0687120819114,0.0
802,0.128238920537,0.0685183688404,0.803242710623
803,0.639598333541,0.35279516526,0.00760650119861
804,0.877560796108,0.122439203892,0.0
805,0.0527103746357,0.765217805193,0.182071820171
806,0.333020649093,0.303995176356,0.36298417455
807,0.281770291106,0.464043779792,0.254185929102
808,0.881395394223,0.118604605777,0.0
814,0.490691850295,0.0293414094798,0.479966740225
815,0.981644651232,0.0183553487682,0.0
816,0.263174095086,0.645197938269,0.0916279666451
817,0.872657354579,0.127342645421,0.0
819,0.797832233962,0.111069802285,0.0910979637523
820,0.976557182654,0.0234428173458,0.0
823,0.288756569807,0.610510117073,0.100733313119
824,0.602042953214,0.397957046786,0.0
825,0.847893359999,0.145568038975,0.00653860102557
826,1.0,0.0,0.0
828,0.200524721496,0.780710509457,0.0187647690476
829,1.0,0.0,0.0
830,0.972862308652,0.0271376913484,0.0
832,0.11901481113,0.88098518887,0.0
833,0.0481365420024,0.159895494914,0.791967963083
834,0.244024388349,0.470460666368,0.285514945283
835,0.18630117078,0.178567909934,0.635130919286
837,0.969652569283,0.0303474307169,0.0
838,0.958862999138,0.0370507699593,0.00408623090244
842,0.997382721526,0.00261727847399,0.0
844,0.352440970109,0.647559029891,0.0
846,0.0206818760977,0.142508139684,0.836809984218
847,0.151625067511,0.729348857284,0.119026075205
848,0.947137362704,0.0367626693223,0.016099967974
849,0.923317150372,0.0766828496282,0.0
851,0.64305271249,0.35694728751,0.0
852,0.930583874932,0.0694161250681,0.0
854,0.378716947663,0.493172246541,0.128110805796
857,0.290798705058,0.709201294942,0.0
860,0.195643047157,0.804356952843,0.0
861,0.117626149417,0.706878511223,0.17549533936
862,0.351406216265,0.180986458354,0.467607325381
863,0.716255276088,0.0166450026216,0.26709972129
864,0.923969671469,0.0675935779969,0.00843675053416
865,0.272591084963,0.66988131865,0.0575275963873
867,0.226596628782,0.773403371218,0.0
868,1.0,0.0,0.0
872,0.0835313493214,0.318564394342,0.597904256337
875,0.234990903765,0.455634149366,0.309374946869
876,0.96010551097,0.0398944890302,0.0
877,0.166303934409,0.598380352776,0.235315712815
879,0.862637923072,0.137362076928,0.0
880,0.903093596944,0.0924739914781,0.00443241157841
882,0.425668071122,0.571717654566,0.00261427431187
884,0.213750322689,0.777920790723,0.00832888658822
887,0.906075415413,0.0939245845868,0.0
889,0.987322646847,0.0126773531533,0.0
890,0.218821378384,0.530934738779,0.250243882837
891,0.985511384312,0.0144886156881,0.0
894,0.765602580902,0.158191778273,0.0762056408253
895,0.128693886705,0.871306113295,0.0
898,0.967059425729,0.0329405742711,0.0
899,0.985690137391,0.0143098626088,0.0
904,0.444725974981,0.368464408618,0.186809616401
907,0.947784061255,0.0490160744765,0.00319986426875
908,0.0302288648402,0.114890145261,0.854880989899
910,0.514020123977,0.387963839187,0.0980160368363
911,0.184817179893,0.28813724535,0.527045574757
913,0.976340827581,0.0236591724192,0.0
915,0.786015612216,0.204270799056,0.00971358872842
916,0.563496816379,0.436503183621,0.0
919,0.951295166205,0.0487048337951,0.0
921,0.843581894876,0.156418105124,0.0
923,0.395038226584,0.604961773416,0.0
925,0.653959743605,0.346040256395,0.0
927,0.18191131324,0.793387036499,0.0247016502612
930,0.974299058629,0.0257009413709,0.0
931,1.0,0.0,0.0
932,1.0,0.0,0.0
933,0.154344714384,0.787572640194,0.0580826454226
934,0.360543534531,0.639456465469,0.0
935,0.0480995391899,0.144122260824,0.807778199987
936,0.911122426508,0.0888775734925,0.0
937,0.426069587045,0.349756691846,0.22417372111
939,0.0484586907437,0.185346574988,0.766194734268
940,0.758190004611,0.241809995389,0.0
941,0.355661016314,0.644338983686,0.0
942,0.89702963768,0.10297036232,0.0
944,0.972908138299,0.0270918617007,0.0
945,0.935184205548,0.0648157944516,0.0
947,0.0700748838451,0.115065242401,0.814859873754
950,0.994355524079,0.00564447592068,0.0
951,0.224142997289,0.759308743934,0.0165482587771
953,0.305679635501,0.694320364499,0.0
955,0.254127702047,0.745872297953,0.0
956,0.293279987014,0.397923238833,0.308796774152
960,0.251189411189,0.534159389149,0.214651199662
962,0.977835749514,0.0221642504856,0.0
963,0.513512773497,0.457005947558,0.029481278945
964,0.979988241201,0.0200117587987,0.0
965,0.125989159989,0.0853698810445,0.788640958966
966,1.0,0.0,0.0
970,0.35898915317,0.64101084683,0.0
973,0.936307398017,0.0636926019827,0.0
974,0.937273170407,0.062726829593,0.0
976,1.0,0.0,0.0
977,0.270179016655,0.624534220419,0.105286762926
979,0.759476800113,0.200323515431,0.040199684456
981,0.602877142868,0.375281376433,0.0218414806994
982,0.897029730288,0.0983180365274,0.00465223318443
983,1.0,0.0,0.0
985,0.854509994614,0.145490005386,0.0
986,0.379592142032,0.444593582492,0.175814275476
987,0.420496433062,0.556552920639,0.022950646299
990,0.870879181572,0.129120818428,0.0
993,0.529084205498,0.458476297964,0.0124394965387
994,0.994968739265,0.00503126073514,0.0
995,0.8043504418,0.177740992181,0.017908566019
996,0.983219711971,0.0167802880287,0.0
997,0.103366940019,0.835738498825,0.0608945611554
1000,0.286871026667,0.674498533575,0.0386304397574
1001,0.711822818876,0.280567657314,0.00760952380952
1004,0.123278633003,0.837166589292,0.0395547777047
1007,0.238203608775,0.608877086457,0.152919304768
1008,0.877974584344,0.114424092442,0.00760132321401
1009,0.442638463776,0.557361536224,0.0
1010,0.667006638306,0.3291928012,0.00380056049425
1011,0.994594171719,0.00540582828085,0.0
1012,0.627109574962,0.372890425038,0.0
1013,0.822425916037,0.177574083963,0.0
1016,1.0,0.0,0.0
1017,0.808267893446,0.191732106554,0.0
1018,0.076601801379,0.246812235717,0.676585962904
1021,1.0,0.0,0.0
1023,0.786777633138,0.170334375518,0.0428879913434
1024,0.980588642298,0.0194113577023,0.0
1025,0.318063605589,0.611803463336,0.0701329310749
1026,0.846430764863,0.148877877112,0.00469135802469
1027,0.316900877536,0.683099122464,0.0
1029,1.0,0.0,0.0
1032,0.529467189311,0.470532810689,0.0
1033,0.855572771343,0.144427228657,0.0
1034,0.704519785762,0.295480214238,0.0
1036,0.631503319973,0.36071470741,0.00778197261699
1037,0.938037377652,0.0619626223475,0.0
1038,0.251299475928,0.748700524072,0.0
1039,0.232028007479,0.471071657384,0.296900335137
1041,0.107164044787,0.191363115979,0.701472839235
1042,0.802931503879,0.197068496121,0.0
1043,0.398867705151,0.596619302756,0.0045129920932
1045,0.979097887546,0.020902112454,0.0
1049,0.946668488441,0.053331511559,0.0
1052,0.906891265087,0.0814934466811,0.0116152882323
1053,0.101693377717,0.549548495385,0.348758126898
1055,0.914798474114,0.0852015258859,0.0
1056,0.361256059546,0.500988920367,0.137755020087
1057,0.477707071807,0.518492367698,0.00380056049425
1058,0.0291689768903,0.97083102311,0.0
1059,0.73297252805,0.26702747195,0.0
1060,0.342670047277,0.263404108426,0.393925844297
1061,0.168056420388,0.112190055671,0.71975352394
1062,0.443344796476,0.556655203524,0.0
1063,0.211841040302,0.542487664797,0.245671294901
1066,0.906278294415,0.0937217055854,0.0
1067,0.994283334875,0.00571666512495,0.0
1068,0.175817639889,0.817175394437,0.00700696567424
1073,0.165134160942,0.0493197809374,0.785546058121
1074,0.15362898272,0.84637101728,0.0
1075,0.64282229543,0.35717770457,0.0
1076,0.655138628938,0.229865197982,0.11499617308
1078,0.987792588149,0.0122074118514,0.0
1081,0.966495619988,0.0335043800122,0.0
1082,0.0547887589768,0.0467819065883,0.898429334435
1083,1.0,0.0,0.0
1084,0.950154907638,0.0498450923622,0.0
1088,0.435721359201,0.384337627489,0.17994101331
1089,0.669499537015,0.330500462985,0.0
1091,0.199959200296,0.789171795838,0.0108690038662
1092,0.737374860955,0.252683604995,0.00994153405021
1093,0.674782205894,0.325217794106,0.0
1095,0.413427813628,0.586572186372,0.0
1096,0.336534136558,0.298281518313,0.365184345129
1099,0.330016370742,0.669983629258,0.0
1100,0.992051235357,0.00794876464339,0.0
1106,0.230909434808,0.332087893973,0.43700267122
1109,0.433092204532,0.555746618805,0.0111611766625
1113,0.947669068099,0.0523309319012,0.0
1114,0.834359333501,0.165640666499,0.0
1119,0.99113743379,0.00886256620953,0.0
1121,0.833212266594,0.166787733406,0.0
1122,0.686416014931,0.296352385245,0.0172315998231
1123,0.97022024522,0.0221784315656,0.00760132321401
1124,0.452506163363,0.547493836637,0.0
1125,0.138952826064,0.615987702902,0.245059471034
1127,0.0439301176629,0.944669719511,0.0114001628265
1128,0.595986591377,0.404013408623,0.0
1129,0.968250634078,0.0317493659222,0.0
1130,0.459676235913,0.478146815733,0.0621769483545
1133,0.376488066316,0.593846480745,0.0296654529396
1135,0.197034528034,0.484828848308,0.318136623658
1138,0.107004401982,0.17222719384,0.720768404178
1139,0.183209067842,0.641067592262,0.175723339896
1140,0.17542065243,0.236946783125,0.587632564446
1141,0.998131283264,0.00186871673566,0.0
1145,0.850351513768,0.149648486232,0.0
1146,0.641459834987,0.262805857678,0.0957343073348
1147,0.919931123363,0.0800688766371,0.0
1149,0.351412167586,0.601364063932,0.0472237684828
1150,0.91934425227,0.0719720480525,0.00868369967702
1151,0.709955498051,0.13662394429,0.153420557659
1153,0.116823404639,0.186629319559,0.696547275802
1155,0.103135007375,0.896864992625,0.0
1156,0.179284190105,0.793302985092,0.0274128248027
1157,0.970500141335,0.00245174832335,0.0270481103417
1158,0.67673629778,0.32326370222,0.0
1160,1.0,0.0,0.0
1161,0.506788441206,0.316513377114,0.17669818168
1163,0.337501117994,0.651935570017,0.0105633119896
1167,1.0,0.0,0.0
1168,0.332369428886,0.667630571114,0.0
1169,0.313491266498,0.518279648387,0.168229085114
1170,0.158983357517,0.0733306160965,0.767686026387
1173,0.743092969868,0.113970795426,0.142936234707
1174,0.147757553736,0.139414378502,0.712828067762
1175,0.498534485908,0.501465514092,0.0
1176,0.742747920117,0.211735967656,0.0455161122267
1178,0.175588211222,0.0348958881078,0.78951590067
1179,0.998311077876,0.0016889221237,0.0
1180,0.947691118881,0.0523088811192,0.0
1181,0.817605755138,0.182394244862,0.0
1182,0.110057388476,0.888403002952,0.00153960857191
1183,0.992393801802,0.00760619819789,0.0
1185,0.971146866145,0.0288531338554,0.0
1186,0.99,0.0,0.01
1187,0.888238271406,0.0548705293088,0.056891199285
1188,0.92239024506,0.0776097549399,0.0
1189,0.86222468601,0.101910231958,0.035865082032
1190,0.305905716358,0.473034818931,0.221059464711
1191,0.149581916157,0.139479170284,0.710938913558
1192,0.287018309579,0.632779311907,0.0802023785141
1195,0.433817829482,0.106018486544,0.460163683974
1198,0.993112865113,0.00688713488723,0.0
1199,0.96406308493,0.0359369150697,0.0
1200,0.305417662701,0.492963131875,0.201619205424
1201,0.191834677579,0.163052530332,0.645112792089
1202,0.93546976377,0.0645302362299,0.0
1204,0.779168358551,0.220831641449,0.0
1206,0.665638737749,0.193449112587,0.140912149665
1208,0.998181510837,0.00181848916269,0.0
1209,0.413188188318,0.490614575902,0.0961972357799
1212,0.997286480384,0.00271351961614,0.0
1219,0.578947024071,0.421052975929,0.0
1220,0.159140629668,0.840859370332,0.0
1221,0.187274160403,0.590914759633,0.221811079965
1224,0.940825748026,0.0591742519736,0.0
1227,0.996623780574,0.00337621942599,0.0
1229,0.859311194065,0.140688805935,0.0
1230,0.456125985643,0.442055205864,0.101818808493
1231,0.0944623599633,0.901042204578,0.00449543545827
1232,1.0,0.0,0.0
1233,0.119045420111,0.286932101636,0.594022478254
1234,0.362329656563,0.407631202949,0.230039140488
1237,0.374684356901,0.611187615379,0.01412802772
1238,1.0,0.0,0.0
1240,0.259413750993,0.511755292086,0.228830956922
1243,0.628660975107,0.371339024893,0.0
1245,0.662835738148,0.248457898259,0.0887063635931
1246,0.44248492268,0.408425932112,0.149089145208
1249,0.816378600447,0.183621399553,0.0
1250,0.459234605594,0.540765394406,0.0
1252,0.294858628673,0.622016326216,0.0831250451107
1253,0.12814022768,0.120043826196,0.751815946124
1254,0.766480862445,0.233519137555,0.0
1256,0.980526839448,0.0194731605523,0.0
1259,0.0429493193673,0.0828872951336,0.874163385499
1260,0.686044038177,0.313955961823,0.0
1261,0.984159860337,0.0158401396629,0.0
1263,0.985534995558,0.0144650044419,0.0
1267,0.361405297925,0.614471055747,0.0241236463283
1268,0.879952261687,0.120047738313,0.0
1270,0.75643660344,0.24356339656,0.0
1272,0.913324898208,0.0866751017924,0.0
1273,1.0,0.0,0.0
1275,0.181868150062,0.383265938672,0.434865911266
1276,0.760825053075,0.117341220023,0.121833726903
1277,0.0232258490994,0.946795505956,0.0299786449442
1278,0.270083353664,0.670564064152,0.0593525821835
1279,0.97,0.03,0.0
1280,0.532588710795,0.275302981021,0.192108308184
1281,0.941927190522,0.0580728094778,0.0
1285,0.674401658923,0.325598341077,0.0
1286,0.561358116918,0.22476300179,0.213878881291
1287,0.619536940146,0.380463059854,0.0
1288,1.0,0.0,0.0
1289,0.996047815334,0.00395218466612,0.0
1290,1.0,0.0,0.0
1291,0.41751483205,0.470624105629,0.111861062321
1292,0.588081814073,0.411918185927,0.0
1293,0.982262235333,0.0177377646667,0.0
1294,0.153249042382,0.726611581779,0.120139375839
1297,0.487034315547,0.512965684453,0.0
1298,0.121450378696,0.858948504983,0.0196011163201
1300,0.434999971883,0.552530673503,0.0124693546145
1301,0.987371324102,0.012628675898,0.0
1302,0.71069027428,0.28930972572,0.0
1303,0.347866580325,0.617338476704,0.0347949429713
1304,0.735147337062,0.241544772006,0.0233078909319
1305,0.0599587183979,0.225939255419,0.714102026183
1306,0.764833173617,0.235166826383,0.0
1307,0.135054456735,0.524827695362,0.340117847903
1311,0.931287918089,0.0687120819114,0.0
1313,0.0985418663901,0.0582229873483,0.843235146262
1315,0.260811518136,0.739188481864,0.0
1316,0.881424828054,0.118575171946,0.0
1317,0.173902068332,0.280857801851,0.545240129816
1319,0.0467933838483,0.931455365025,0.0217512511272
1322,0.331091300221,0.588231359835,0.080677339944
1323,0.403212204715,0.596787795285,0.0
1325,0.959444635517,0.040555364483,0.0
1326,0.0442077270011,0.271945796506,0.683846476493
1327,0.763251380673,0.233614788063,0.00313383126426
1328,0.959155064556,0.0408449354435,0.0
1329,0.168128427424,0.813006903973,0.0188646686024
1330,0.409860920351,0.450063491943,0.140075587706
1331,0.0760953138888,0.0882241901685,0.835680495943
1332,0.452142758851,0.49132266619,0.0565345749594
1333,1.0,0.0,0.0
1334,0.242370829453,0.652638888287,0.10499028226
1335,0.219331383935,0.776221611791,0.00444700427362
1336,0.997733483589,0.00226651641076,0.0
1338,0.367545245928,0.287547450876,0.344907303196
1339,0.0645083225304,0.0473503604359,0.888141317034
1340,0.891922189531,0.108077810469,0.0
1344,0.195411264304,0.774044507246,0.0305442284494
1345,0.108240390815,0.159127619109,0.732631990076
1346,0.121485535508,0.789920315141,0.0885941493504
1347,0.755753995156,0.244246004844,0.0
1348,0.469626924604,0.502558873335,0.0278142020608
1350,0.936629251674,0.063370748326,0.0
1353,0.994477993264,0.00552200673557,0.0
1354,0.914338750368,0.0856612496318,0.0
1356,0.617472326,0.156445524959,0.226082149042
1358,0.374439349011,0.625560650989,0.0
1359,0.987978172735,0.0120218272655,0.0
1360,0.940833297678,0.0591667023216,0.0
1361,0.822246530349,0.177753469651,0.0
1362,0.522853956409,0.351914986124,0.125231057468
1363,0.0646774699706,0.468689814343,0.466632715687
1364,1.0,0.0,0.0
1365,0.867847765335,0.132152234665,0.0
1366,0.369029183632,0.576804458947,0.0541663574209
1368,0.0753570943833,0.00338813152836,0.921254774088
1369,0.684301880539,0.315698119461,0.0
1370,0.583120642641,0.400469306354,0.0164100510048
1371,0.196073152494,0.790476332897,0.0134505146083
1372,0.148780203533,0.766431532258,0.0847882642089
1374,1.0,0.0,0.0
1375,0.584985827169,0.415014172831,0.0
1376,0.167917756381,0.624988775737,0.207093467881
1377,0.394510584964,0.585079062279,0.0204103527572
1384,0.985468257192,0.0145317428076,0.0
1386,0.127383890236,0.868140498884,0.00447561088032
1388,1.0,0.0,0.0
1390,0.0424484430862,0.599121228687,0.358430328227
1391,0.907144346199,0.0889907954426,0.00386485835808
1392,0.997588086825,0.00241191317516,0.0
1393,0.227027351269,0.770656195653,0.00231645307821
1394,0.697146586491,0.278748572956,0.0241048405532
1396,1.0,0.0,0.0
1403,0.991364361381,0.00863563861888,0.0
1404,0.959547054819,0.040452945181,0.0
1407,1.0,0.0,0.0
1408,0.962751258573,0.0372487414267,0.0
1410,0.103645833593,0.896354166407,0.0
1411,0.721742823517,0.190771368947,0.0874858075356
1413,1.0,0.0,0.0
1414,1.0,0.0,0.0
1417,0.0485391519928,0.0250117151762,0.926449132831
1419,0.989598370685,0.0104016293153,0.0
1420,0.259158803497,0.492669072229,0.248172124274
1422,1.0,0.0,0.0
1426,0.977474905803,0.0225250941969,0.0
1427,0.51533326173,0.447813707772,0.0368530304977
1429,0.227568548308,0.764102565103,0.00832888658822
1431,0.976752820017,0.0232471799826,0.0
1432,0.93973373382,0.0602662661801,0.0
1435,0.831034007826,0.146590451452,0.0223755407222
1437,0.0788075530613,0.174005059375,0.747187387564
1439,1.0,0.0,0.0
1440,0.430257473031,0.365772613293,0.203969913676
1442,0.775549935843,0.220333135205,0.00411692895292
1443,0.933284457364,0.0667155426359,0.0
1445,0.99,0.01,0.0
1448,0.24651871404,0.678562533914,0.0749187520458
1450,0.95671700997,0.0432829900303,0.0
1452,0.411492501572,0.489876949013,0.0986305494151
1453,0.26371523548,0.413931056258,0.322353708262
1454,1.0,0.0,0.0
1458,0.991655895197,0.00834410480349,0.0
1459,0.850543638623,0.149456361377,0.0
1460,1.0,0.0,0.0
1461,0.30482862343,0.552675048637,0.142496327933
1462,0.770957791141,0.229042208859,0.0
1464,0.17784150922,0.815711794721,0.00644669605896
1465,0.0918156689478,0.892762742931,0.0154215881208
1466,0.536370007036,0.463629992964,0.0
1467,0.0688735561719,0.147588210358,0.78353823347
1468,0.937008931688,0.0629910683116,0.0
1469,0.94738860821,0.0526113917905,0.0
1471,0.24839061109,0.393404821635,0.358204567274
1474,0.205557999505,0.198779697954,0.59566230254
1475,0.480064676873,0.510379579295,0.00955574383209
1477,0.0585329376486,0.279678785722,0.661788276629
1480,0.678337670658,0.293508871865,0.0281534574763
1481,0.234588735159,0.576330865028,0.189080399813
1483,0.113083938485,0.62233759208,0.264578469435
1484,1.0,0.0,0.0
1486,0.853652335039,0.146347664961,0.0
1487,0.28292512996,0.517177579887,0.199897290154
1489,0.96034904594,0.03965095406,0.0
1491,0.192930838821,0.6913531223,0.11571603888
1493,0.173205071799,0.806551391108,0.020243537093
1494,0.92546327036,0.0708059362883,0.00373079335215
1496,0.0583429599508,0.0603307639452,0.881326276104
1497,0.151515156695,0.219850390024,0.628634453281
1498,0.142129706577,0.311579354152,0.546290939271
1502,0.103045826892,0.190541186401,0.706412986707
1505,0.385462906544,0.558725414059,0.0558116793969
1506,0.936920753401,0.0630792465994,0.0
1507,0.619459868451,0.331529832521,0.0490102990281
1508,0.228488018018,0.0598735511815,0.7116384308
1510,1.0,0.0,0.0
1511,0.0327843798247,0.0197734560208,0.947442164155
1512,0.98920754175,0.01079245825,0.0
1514,0.705203503183,0.294796496817,0.0
1515,0.0640586077666,0.701545297829,0.234396094404
1516,0.613610902871,0.386389097129,0.0
1518,0.990988746145,0.00901125385502,0.0
1519,0.902932550242,0.0926359467078,0.00443150305047
1520,0.98043015268,0.0195698473204,0.0
1521,0.33243017169,0.66756982831,0.0
1522,0.200252891035,0.729931582645,0.0698155263198
1524,0.561010992572,0.438989007428,0.0
1525,0.322529132893,0.672779509083,0.00469135802469
1526,0.358641528089,0.481156379982,0.160202091929
1531,0.481923306604,0.518076693396,0.0
1532,0.739836667001,0.247156738473,0.0130065945257
1535,0.941981982491,0.0540441451212,0.00397387238801
