id,predict_0,predict_1,predict_2
2,0.885768425394,0.114231574606,0.0
3,0.292552588871,0.512894060971,0.194553350158
4,0.919698092673,0.0803019073272,0.0
7,0.354685432616,0.590859156198,0.0544554111861
9,0.228006973054,0.636218005803,0.135775021143
10,0.893516775461,0.106483224539,0.0
11,0.480453326018,0.519546673982,0.0
12,0.58549089719,0.41450910281,0.0
14,0.250481555935,0.749518444065,0.0
15,0.961558514121,0.0384414858793,0.0
16,0.252371505543,0.660251694827,0.0873767996295
17,0.636333101848,0.363666898152,0.0
18,0.994317503546,0.00568249645447,0.0
21,0.0850879046825,0.698276997563,0.216635097754
22,0.870405729206,0.129594270794,0.0
25,0.529333027435,0.462545224878,0.00812174768704
30,0.927712842318,0.072287157682,0.0
32,0.431328092154,0.568671907846,0.0
34,0.368064451062,0.213728123955,0.418207424984
35,0.138814588492,0.848321516644,0.0128638948645
36,0.449819872185,0.550180127815,0.0
37,0.966740776798,0.0332592232023,0.0
39,0.780270967357,0.219729032643,0.0
40,0.27222630364,0.32085832031,0.40691537605
41,0.52735274639,0.47264725361,0.0
42,0.256001119297,0.731916269406,0.0120826112969
45,0.0415845612167,0.206698482285,0.751716956498
46,0.960292188282,0.0397078117183,0.0
47,0.573904579416,0.343521017066,0.082574403518
48,0.195666506248,0.142557066177,0.661776427575
50,0.560874580806,0.373289475577,0.0658359436167
51,0.197423658365,0.77666129337,0.0259150482655
52,0.974593392204,0.0254066077963,0.0
56,0.265825058645,0.734174941355,0.0
58,0.145124695303,0.852708683231,0.00216662146645
62,0.948253164525,0.051746835475,0.0
63,0.993110617127,0.0068893828725,0.0
65,0.0653897393904,0.186942685996,0.747667574614
66,0.103594678952,0.182008386068,0.71439693498
70,0.131575578794,0.111154019085,0.75727040212
71,0.907419506583,0.0925804934171,0.0
72,0.351092001341,0.547713632458,0.101194366201
73,0.978035819679,0.0219641803206,0.0
74,0.301276510005,0.698723489995,0.0
76,0.956763172517,0.0432368274827,0.0
77,0.835892095467,0.118024032937,0.0460838715954
78,0.0761221609047,0.71939859225,0.204479246845
82,0.0973963475034,0.882051525372,0.0205521271245
85,0.134140179008,0.116790367245,0.749069453747
86,0.997589774497,0.00241022550349,0.0
87,0.752118723686,0.240819863548,0.00706141276629
95,1.0,0.0,0.0
96,0.223385467973,0.0567715905143,0.719842941513
97,0.879460336355,0.0911150726998,0.0294245909452
98,1.0,0.0,0.0
100,0.902651647229,0.097348352771,0.0
101,0.450352210474,0.549647789526,0.0
102,0.993287383552,0.00671261644788,0.0
103,0.261914762009,0.729888787899,0.00819645009217
106,0.597747399928,0.111174398577,0.291078201495
108,0.0720166477997,0.9279833522,0.0
109,0.594961968979,0.405038031021,0.0
110,0.554929195526,0.416217338264,0.0288534662101
113,0.16595792879,0.22045910439,0.61358296682
114,0.715214533651,0.284785466349,0.0
116,0.884919196267,0.0909270065695,0.0241537971637
117,0.25763020789,0.580782470149,0.161587321961
118,0.158864588103,0.624883344076,0.216252067821
121,0.924430062077,0.0755699379234,0.0
122,0.944882710507,0.0551172894925,0.0
123,0.827759458434,0.164296200173,0.00794434139246
124,0.990774154309,0.00922584569098,0.0
126,0.142354677798,0.857645322202,0.0
127,0.434456458799,0.539247225956,0.026296315245
128,0.855671041362,0.102326479177,0.0420024794605
133,0.153945249546,0.821840822147,0.0242139283067
136,0.113115260489,0.336735131889,0.550149607622
137,0.517409105146,0.482590894854,0.0
140,0.41956153235,0.58043846765,0.0
141,0.222419924928,0.777580075072,0.0
143,0.547893081035,0.318668315139,0.133438603826
144,1.0,0.0,0.0
145,0.0514979416315,0.024584231544,0.923917826824
147,0.14427406642,0.108637313356,0.747088620224
148,0.203996425593,0.796003574407,0.0
150,0.277711176007,0.722288823993,0.0
151,0.771181074559,0.122367080051,0.10645184539
153,0.788313808017,0.204226627283,0.00745956469992
155,0.981049947045,0.0189500529554,0.0
156,0.982151532033,0.0178484679666,0.0
160,0.238349603163,0.6895019759,0.0721484209376
163,0.191053387954,0.335835600328,0.473111011719
164,0.287457128949,0.712542871051,0.0
165,0.21768701463,0.708618589028,0.0736943963416
166,0.949424274018,0.0505757259816,0.0
167,0.562463803709,0.261509956626,0.176026239665
168,0.99450084853,0.0054991514699,0.0
169,0.909092826791,0.0909071732092,0.0
170,0.0934202185078,0.028398366104,0.878181415388
171,0.558385852883,0.441614147117,0.0
172,0.0964086190864,0.160318917481,0.743272463432
173,0.361579502098,0.638420497902,0.0
174,0.289213199023,0.582630267836,0.128156533141
175,0.847740129772,0.152259870228,0.0
176,0.154285943426,0.329212439855,0.516501616719
180,1.0,0.0,0.0
181,0.0412649488839,0.0771347497174,0.881600301399
182,0.119652847486,0.846749161838,0.0335979906758
185,0.374077880397,0.625922119603,0.0
186,0.731077563731,0.106874284547,0.162048151722
187,0.639735749966,0.186733259642,0.173530990392
189,0.114931274896,0.79996508153,0.0851036435739
192,0.110773866667,0.792114438994,0.0971116943384
194,0.995019488044,0.00498051195618,0.0
195,0.582814065471,0.417185934529,0.0
197,0.990796494574,0.00920350542551,0.0
198,0.737664300703,0.262335699297,0.0
201,1.0,0.0,0.0
202,0.838996702678,0.158831325866,0.00217197145631
203,0.886976934413,0.0832943289735,0.0297287366133
205,0.872954353259,0.127045646741,0.0
208,0.151835292467,0.81442649542,0.0337382121132
209,0.112726600922,0.887273399078,0.0
210,0.143927606533,0.507582203667,0.3484901898
211,0.501681073363,0.0260394649095,0.472279461728
214,0.671434128093,0.328565871907,0.0
215,0.382335143914,0.197007219901,0.420657636185
216,0.277102548479,0.722897451521,0.0
218,0.253962196633,0.746037803367,0.0
219,0.591295794467,0.323864763328,0.0848394422059
220,0.339157845229,0.57921975435,0.081622400421
222,0.150467831645,0.712541764351,0.136990404004
224,0.157371808673,0.76012541414,0.0825027771877
226,0.829338469015,0.162533903966,0.00812762701913
228,0.259978890044,0.725957212965,0.0140638969903
229,0.0678729385205,0.0608181395097,0.87130892197
230,0.516429043349,0.483570956651,0.0
231,0.87500269647,0.12499730353,0.0
232,0.864767497195,0.135232502805,0.0
233,1.0,0.0,0.0
235,0.964137586992,0.0358624130085,0.0
236,1.0,0.0,0.0
237,0.458881574668,0.185025987496,0.356092437836
241,0.989428437725,0.0105715622751,0.0
244,0.836414358913,0.163585641087,0.0
245,0.508373986321,0.491626013679,0.0
246,0.232011933344,0.623399863255,0.144588203401
249,0.492960224358,0.507039775642,0.0
250,0.443626290071,0.329978542985,0.226395166944
252,0.1462818991,0.588134281239,0.265583819662
253,0.0712579573626,0.103555306345,0.825186736292
254,0.557039243707,0.133436314088,0.309524442205
255,0.476502321966,0.511167985831,0.0123296922028
258,0.600334239002,0.337408566868,0.0622571941297
261,0.212512234149,0.571946233022,0.215541532828
264,0.035784898706,0.122612887319,0.841602213975
267,0.115080561199,0.875729733699,0.00918970510263
268,0.166463643788,0.770488252961,0.0630481032506
271,0.422734103051,0.492059982839,0.08520591411
273,1.0,0.0,0.0
276,1.0,0.0,0.0
277,0.82477982321,0.17522017679,0.0
278,0.783590647611,0.216409352389,0.0
280,1.0,0.0,0.0
281,0.75063270336,0.24936729664,0.0
282,0.724726501148,0.234572998586,0.0407005002656
283,0.117058929537,0.789577887706,0.0933631827567
285,0.416433840291,0.583566159709,0.0
286,0.935756685094,0.0642433149057,0.0
287,0.167027565757,0.536754645431,0.296217788812
288,0.856160970755,0.0615051275562,0.0823339016888
289,0.990796494574,0.00920350542551,0.0
291,0.0493577300523,0.0224900006184,0.928152269329
294,0.28538569487,0.466465176198,0.248149128932
298,0.515638910059,0.406873298302,0.0774877916393
301,0.77869138874,0.133188807893,0.088119803367
303,0.995841605723,0.00415839427715,0.0
304,0.860895895946,0.139104104054,0.0
305,0.126582193436,0.808685125105,0.0647326814591
307,0.187823980225,0.310757652086,0.501418367689
308,0.335856945992,0.387324370962,0.276818683047
309,0.0763276401631,0.103123000487,0.82054935935
310,0.345012399968,0.565645047564,0.0893425524684
311,0.606687118631,0.334739634522,0.0585732468466
312,0.350792387441,0.618288433119,0.0309191794402
314,0.990101872623,0.00989812737667,0.0
316,0.59261550486,0.186309425734,0.221075069406
318,0.993287383552,0.00671261644788,0.0
322,0.192596283687,0.717256623489,0.090147092824
324,0.907655596902,0.0923444030985,0.0
325,0.1745199174,0.126263447273,0.699216635327
326,0.620909858103,0.379090141897,0.0
328,0.137518975496,0.862481024504,0.0
329,0.281512993533,0.478879112845,0.239607893623
330,0.64805643833,0.35194356167,0.0
331,1.0,0.0,0.0
332,1.0,0.0,0.0
333,0.31314644274,0.662388270958,0.0244652863013
335,0.597816309061,0.402183690939,0.0
336,0.733437972579,0.247337672392,0.0192243550281
337,0.142865097424,0.851655217197,0.00547968537888
340,0.0496061376702,0.0241995636304,0.926194298699
342,0.052737483358,0.0129928070698,0.934269709572
344,0.996773978092,0.00322602190756,0.0
346,0.85329153536,0.14670846464,0.0
347,0.573660782506,0.418956218757,0.00738299873713
349,0.774540465154,0.225459534846,0.0
351,0.574204720922,0.425795279078,0.0
352,0.99033398718,0.00966601282034,0.0
353,0.98076833888,0.0192316611197,0.0
354,0.366136793547,0.633863206453,0.0
356,0.611101192386,0.388898807614,0.0
359,0.104917635825,0.702441723494,0.192640640681
361,0.764864255569,0.235135744431,0.0
362,0.256722805214,0.743277194786,0.0
365,0.626436755042,0.337764828644,0.0357984163143
366,0.572846005554,0.351440447187,0.0757135472582
367,0.301502641269,0.695656026344,0.00284133238704
368,0.616250672347,0.383749327653,0.0
369,0.311957151028,0.681813060619,0.00622978835283
370,0.214742702496,0.785257297504,0.0
372,0.314135420868,0.665550440175,0.0203141389567
374,0.825810985675,0.174189014325,0.0
375,0.347323233285,0.310305100447,0.342371666268
376,0.0757142294161,0.0755080954156,0.848777675168
378,0.0780076502351,0.840836345311,0.0811560044541
380,0.913232408119,0.0867675918814,0.0
382,0.99450084853,0.0054991514699,0.0
383,0.878591555296,0.121408444704,0.0
384,0.297866334134,0.702133665866,0.0
386,0.122259294835,0.10454142044,0.773199284724
388,0.988995802482,0.0110041975184,0.0
389,0.744291549599,0.115167695349,0.140540755052
390,0.795827595091,0.204172404909,0.0
393,0.301965687638,0.458699338895,0.239334973467
394,0.226247103039,0.299073283464,0.474679613497
395,0.329684497875,0.482760257697,0.187555244427
396,0.098267284256,0.0434496159734,0.858283099771
398,0.327853803028,0.550852775359,0.121293421613
399,0.210814350935,0.622711769049,0.166473880016
401,0.656343152336,0.290744378469,0.0529124691945
402,0.888622871874,0.111377128126,0.0
404,0.981969184038,0.0180308159619,0.0
405,0.958247436767,0.0417525632334,0.0
407,0.567794834705,0.432205165295,0.0
410,0.743903112699,0.256096887301,0.0
414,0.114397308883,0.821362638926,0.0642400521911
416,0.247525571251,0.576833957792,0.175640470957
418,1.0,0.0,0.0
419,0.378347471568,0.449707358897,0.171945169536
422,0.744835047854,0.255164952146,0.0
423,0.871991825035,0.128008174965,0.0
425,0.995932533881,0.00406746611924,0.0
426,0.658810104634,0.341189895366,0.0
427,1.0,0.0,0.0
428,0.187317878199,0.795776211627,0.0169059101742
431,0.721019973646,0.278980026354,0.0
433,0.788185350196,0.211814649804,0.0
434,0.860911559749,0.139088440251,0.0
435,0.989041398269,0.0109586017308,0.0
436,0.932928268926,0.0670717310742,0.0
440,0.76725457963,0.23274542037,0.0
441,0.0827532528057,0.0472473768875,0.869999370307
442,0.742416570072,0.246560748033,0.0110226818949
443,0.845026973371,0.154973026629,0.0
445,0.169425021021,0.819223455905,0.0113515230745
448,0.0609224111733,0.0571407576366,0.88193683119
451,0.195136652062,0.804863347938,0.0
454,0.763736425689,0.137301854971,0.0989617193396
456,0.970732275597,0.0292677244028,0.0
457,0.0234256351402,0.0296630974496,0.94691126741
458,0.310670638169,0.168887333031,0.5204420288
459,0.943497158499,0.0565028415013,0.0
460,0.261541878245,0.179325606679,0.559132515077
461,0.306915752001,0.528695050823,0.164389197176
463,0.359586504828,0.640413495172,0.0
464,0.686288157162,0.234799619425,0.0789122234128
467,0.110507647034,0.0134291341595,0.876063218807
468,0.647585839178,0.352414160822,0.0
471,0.603594314893,0.334123052461,0.0622826326463
473,0.0610316576524,0.0399340500823,0.899034292265
475,0.911718838398,0.0817516409271,0.00652952067476
476,0.103180397821,0.054656468677,0.842163133502
478,0.0728415058491,0.129901100444,0.797257393707
481,0.270711169302,0.525592639851,0.203696190847
482,0.533993504219,0.466006495781,0.0
483,0.34267531118,0.65732468882,0.0
485,1.0,0.0,0.0
490,0.980428245647,0.0195717543529,0.0
493,0.971555287469,0.0284447125306,0.0
494,0.793573109474,0.206426890526,0.0
508,0.240726843941,0.605009422533,0.154263733526
509,0.997076408041,0.00292359195912,0.0
510,0.958079558826,0.0397484697175,0.00217197145631
511,1.0,0.0,0.0
512,0.207038995153,0.792961004847,0.0
513,0.148856188432,0.256593402113,0.594550409456
514,0.423750561889,0.576249438111,0.0
516,0.718852227486,0.281147772514,0.0
517,0.231221983539,0.457697674337,0.311080342124
518,0.505318990039,0.494681009961,0.0
520,0.226453050257,0.518754525262,0.254792424481
521,0.749749933214,0.250250066786,0.0
522,0.764825140022,0.235174859978,0.0
523,0.153862237565,0.607049156426,0.239088606009
524,0.887701380849,0.112298619151,0.0
525,0.48156501001,0.498788458623,0.0196465313666
526,0.157263031809,0.69471222394,0.148024744251
527,0.814311135905,0.103637065547,0.0820517985486
528,0.203925817268,0.546293903398,0.249780279333
529,0.851416239159,0.10729456682,0.0412891940203
530,0.102346072097,0.350233043913,0.54742088399
531,0.996635204621,0.00336479537931,0.0
534,0.0902061513113,0.909793848689,0.0
535,0.205361440578,0.759706687937,0.0349318714846
536,0.981902162999,0.0180978370007,0.0
537,0.237127205118,0.731444179981,0.0314286149005
538,0.488709440288,0.222142200194,0.289148359518
539,0.181800121997,0.117153398054,0.701046479949
540,0.99817699115,0.00182300884956,0.0
542,0.164648156154,0.835351843846,0.0
545,0.716014739105,0.274535882419,0.00944937847625
546,0.206883577868,0.771671511515,0.021444910617
547,1.0,0.0,0.0
548,0.160335387874,0.839664612126,0.0
551,0.980798209117,0.0192017908828,0.0
554,0.128758804308,0.85261333493,0.0186278607616
556,0.40909942713,0.200337403262,0.390563169608
557,0.570213987544,0.429786012456,0.0
559,0.997189101694,0.00281089830593,0.0
560,0.794624380104,0.116995614907,0.0883800049893
562,1.0,0.0,0.0
563,0.11502627929,0.336275712989,0.54869800772
564,0.974491050553,0.0255089494473,0.0
565,0.193255194806,0.772501971305,0.0342428338897
566,0.115818299247,0.155405255958,0.728776444795
567,0.0529594206323,0.0936993739912,0.853341205376
568,0.240373613387,0.754807631678,0.00481875493466
571,0.217804338541,0.460965710514,0.321229950945
572,0.763808800961,0.236191199039,0.0
573,0.666478702297,0.333521297703,0.0
574,0.829838495153,0.160757188519,0.00940431632831
577,0.717761612817,0.282238387183,0.0
578,0.652691600402,0.0935228792319,0.253785520366
579,0.982711929763,0.0172880702369,0.0
582,0.0259369077288,0.0974648962885,0.876598195983
584,0.141184352317,0.810650082366,0.0481655653169
586,0.453490476155,0.479741092084,0.0667684317614
587,0.0756127725242,0.117658218299,0.806729009177
589,0.151990117344,0.428524927486,0.419484955171
590,0.556050060261,0.430481923043,0.013468016696
591,0.994275677181,0.00572432281869,0.0
592,0.0660273681973,0.129429910439,0.804542721364
593,0.0279453868331,0.953377855253,0.0186767579138
595,0.430649923968,0.523359252555,0.0459908234772
596,0.93681323532,0.0496747409811,0.0135120236988
597,0.393684154859,0.5851023441,0.0212135010408
598,0.690229017097,0.309770982903,0.0
600,0.954140698342,0.0458593016578,0.0
602,0.622599371399,0.203281387385,0.174119241215
606,0.0652111558398,0.139397626622,0.795391217538
607,0.716779570227,0.283220429773,0.0
609,0.574312990587,0.425687009413,0.0
610,0.157852456781,0.768527500834,0.0736200423852
611,0.0874777429483,0.885906164337,0.0266160927146
612,0.264793565632,0.735206434368,0.0
613,0.951949338102,0.0480506618983,0.0
614,0.842401544491,0.157598455509,0.0
617,0.277457195575,0.656787775908,0.0657550285168
619,0.160265234653,0.551026847481,0.288707917866
620,0.123508763384,0.110985502136,0.76550573448
621,0.167027565757,0.536754645431,0.296217788812
625,0.0676803626966,0.376178847324,0.556140789979
627,0.390118755123,0.546099777693,0.0637814671847
628,0.537469499795,0.182906077259,0.279624422946
629,0.178077690609,0.629735190243,0.192187119148
631,0.0633556489465,0.1174723479,0.819172003154
632,0.420295573048,0.487174050916,0.0925303760355
633,0.995412667946,0.00458733205374,0.0
635,0.439279091008,0.413831825121,0.146889083871
639,0.558584763476,0.441415236524,0.0
641,0.78858832451,0.206367262133,0.00504441335726
642,0.296816191113,0.684638954188,0.0185448546984
643,0.0344034671194,0.0359498899298,0.929646642951
644,0.598974302857,0.401025697143,0.0
645,0.47133494571,0.2335728683,0.29509218599
647,0.0606351774959,0.153359141991,0.786005680513
648,0.58837717457,0.41162282543,0.0
649,0.398744580058,0.601255419942,0.0
650,0.241853022123,0.559952535167,0.198194442711
652,0.0927782313085,0.85768601855,0.0495357501416
653,0.407672501468,0.532785775011,0.0595417235216
654,0.305253964759,0.650256158263,0.0444898769784
655,0.0771813413976,0.897162440529,0.0256562180739
658,0.373502916125,0.451585174381,0.174911909495
659,1.0,0.0,0.0
661,0.118519761116,0.871577668899,0.0099025699845
664,0.120761942804,0.109403656776,0.76983440042
666,0.203844694417,0.796155305583,0.0
667,0.991501983657,0.00849801634254,0.0
668,1.0,0.0,0.0
669,0.700023555704,0.299976444296,0.0
670,0.59261550486,0.186309425734,0.221075069406
671,0.969397659781,0.0306023402194,0.0
672,0.994761351675,0.00523864832492,0.0
673,0.0743108747496,0.122931244997,0.802757880254
674,0.982066908463,0.0,0.017933091537
675,0.0585937682192,0.19209950919,0.749306722591
676,0.229313609043,0.688011610386,0.0826747805715
677,0.567145473096,0.432854526904,0.0
685,0.426694101984,0.234220165107,0.339085732909
686,0.996908523503,0.00309147649698,0.0
688,1.0,0.0,0.0
689,0.124584737129,0.216488211009,0.658927051862
690,0.0350014835101,0.844262086638,0.120736429852
692,0.902090724585,0.067619826097,0.0302894493176
694,0.214966140097,0.757938523045,0.0270953368584
695,0.986958232507,0.0130417674931,0.0
696,0.067268821974,0.231533295958,0.701197882068
697,0.023761627371,0.0329211409009,0.943317231728
699,0.283826020926,0.568477384501,0.147696594573
700,0.352598854715,0.632216594989,0.015184550296
701,0.82292075706,0.17707924294,0.0
704,0.500158568598,0.499841431402,0.0
705,0.53165210609,0.463880887369,0.00446700654093
706,0.391513987589,0.468953914549,0.139532097862
707,0.58458581373,0.41541418627,0.0
708,0.160381361312,0.1491037216,0.690514917088
709,0.316894751897,0.333082188246,0.350023059857
710,0.0496768519636,0.216830074604,0.733493073432
711,0.531579283116,0.357817175007,0.110603541877
712,0.87790379459,0.12209620541,0.0
713,0.532274613054,0.467725386946,0.0
717,0.99761156442,0.00238843557973,0.0
718,0.809174205522,0.188606665402,0.00221912907626
719,0.192139181143,0.17824273502,0.629618083837
723,0.40977001016,0.59022998984,0.0
724,1.0,0.0,0.0
725,0.554048431173,0.408143636878,0.0378079319495
726,0.836470167128,0.163529832872,0.0
728,0.092036992674,0.866881266781,0.0410817405452
729,0.256986467926,0.659683872589,0.0833296594852
730,0.642114677923,0.357885322077,0.0
735,0.590687504515,0.409312495485,0.0
736,0.421443970622,0.432812226248,0.14574380313
737,0.0847313215646,0.0220349080132,0.893233770422
738,0.99,0.01,0.0
739,0.71799979107,0.131742642015,0.150257566915
743,0.283092550625,0.569272734767,0.147634714609
744,0.793330238232,0.206669761768,0.0
746,0.194083107079,0.737202029903,0.0687148630178
749,0.809305861595,0.190694138405,0.0
750,0.204176089105,0.508418626807,0.287405284088
751,0.0394150967067,0.945363116845,0.0152217864481
753,0.777920215638,0.217590932894,0.00448885146817
754,0.339838254184,0.628253678764,0.0319080670526
756,0.870559511207,0.129440488793,0.0
757,0.855164626619,0.144835373381,0.0
758,0.888253949872,0.0788583275142,0.0328877226135
759,0.160017681435,0.815704223172,0.0242780953928
760,0.373398000322,0.596735421508,0.0298665781699
761,0.110600040068,0.788862223178,0.100537736754
762,0.225244250931,0.713516242396,0.0612395066734
763,0.989041398269,0.0109586017308,0.0
764,0.933849787536,0.0661502124636,0.0
765,0.20161402782,0.379586690424,0.418799281757
767,1.0,0.0,0.0
770,0.240585738613,0.53797777763,0.221436483757
771,0.553031250446,0.0705002555441,0.37646849401
773,0.280936050876,0.69359681105,0.0254671380742
774,0.954244383588,0.0457556164117,0.0
775,0.801408100863,0.0963714226314,0.102220476506
776,0.130383238836,0.0421033247819,0.827513436382
779,0.972548085748,0.0274519142518,0.0
781,0.944842296449,0.0475018565822,0.00765584696849
782,0.021867495306,0.118746346397,0.859386158297
783,0.268071161926,0.718517200913,0.0134116371613
785,0.9639492632,0.0360507368,0.0
786,1.0,0.0,0.0
790,0.0913773206099,0.121476295337,0.787146384054
791,0.871622906023,0.114457567848,0.013919526129
792,0.99450084853,0.0054991514699,0.0
793,0.84702819046,0.15297180954,0.0
798,0.046889222512,0.892691942723,0.0604188347654
799,0.662374802059,0.337625197941,0.0
800,0.994761351675,0.00523864832492,0.0
801,0.953826254009,0.0461737459914,0.0
802,0.0975474509431,0.0599582162862,0.842494332771
803,0.531863973969,0.460783891288,0.00735213474344
804,0.853413581279,0.146586418721,0.0
805,0.113286424943,0.689240399473,0.197473175584
806,0.312466865708,0.447728831497,0.239804302795
807,0.251293908552,0.535175893938,0.21353019751
808,0.878511202528,0.121488797472,0.0
814,0.461600421495,0.00855997827255,0.529839600232
815,0.989428437725,0.0105715622751,0.0
816,0.251382540688,0.644768095555,0.103849363757
817,0.880957428867,0.119042571133,0.0
819,0.824457205625,0.088997999556,0.086544794819
820,0.858362858259,0.141637141741,0.0
823,0.186216422696,0.719656723092,0.0941268542122
824,0.426240335531,0.573759664469,0.0
825,0.713340100804,0.281499044115,0.00516085508116
826,1.0,0.0,0.0
828,0.238744520901,0.730235058629,0.0310204204699
829,0.993021660915,0.0069783390852,0.0
830,0.928088222991,0.071911777009,0.0
832,0.101848209255,0.898151790745,0.0
833,0.0567362219772,0.162688430869,0.780575347154
834,0.243841521714,0.672313147003,0.0838453312829
835,0.266577916875,0.118557472845,0.61486461028
837,0.977403469619,0.0225965303805,0.0
838,0.973356210474,0.0266437895264,0.0
842,1.0,0.0,0.0
844,0.2544205496,0.7455794504,0.0
846,0.0301030734239,0.16100788083,0.808889045746
847,0.241855936524,0.689441320313,0.0687027431635
848,0.902788287382,0.0888228354365,0.00838887718105
849,0.93805605604,0.06194394396,0.0
851,0.580553968817,0.419446031183,0.0
852,0.948134284754,0.0518657152457,0.0
854,0.376198555922,0.486911786916,0.136889657163
857,0.187118022213,0.812881977787,0.0
860,0.284837249576,0.715162750424,0.0
861,0.113782273441,0.663902750997,0.222314975562
862,0.413955489708,0.112637884568,0.473406625724
863,0.503882773077,0.0316594062584,0.464457820664
864,0.946852117071,0.0495017949095,0.00364608801956
865,0.412990351325,0.491374440485,0.0956352081908
867,0.510847515229,0.489152484771,0.0
868,1.0,0.0,0.0
872,0.0843211412253,0.28135882369,0.634320035084
875,0.310141947717,0.536798788269,0.153059264014
876,0.972548085748,0.0274519142518,0.0
877,0.0798607711295,0.595029830597,0.325109398274
879,0.856952711042,0.143047288958,0.0
880,0.938019416686,0.0619805833136,0.0
882,0.397669856361,0.602330143639,0.0
884,0.246629209362,0.695555236678,0.0578155539594
887,0.934404445296,0.0655955547038,0.0
889,1.0,0.0,0.0
890,0.287429030985,0.542972873487,0.169598095528
891,0.974542838715,0.0254571612848,0.0
894,0.752455533959,0.159983930717,0.0875605353243
895,0.10449694569,0.89550305431,0.0
898,0.980162131951,0.0198378680489,0.0
899,1.0,0.0,0.0
904,0.359393858623,0.464432258632,0.176173882745
907,0.852107108145,0.129371412652,0.018521479203
908,0.0268430728919,0.141027800201,0.832129126907
910,0.507043070139,0.383839756463,0.109117173397
911,0.269171700596,0.362042267821,0.368786031583
913,0.987189673704,0.0128103262957,0.0
915,0.770991991796,0.187604005733,0.041404002471
916,0.396552645736,0.603447354264,0.0
919,0.918661403657,0.0813385963434,0.0
921,0.840173792024,0.15354677106,0.0062794369162
923,0.306239378743,0.693760621257,0.0
925,0.640493571462,0.359506428538,0.0
927,0.105280587849,0.79720853599,0.0975108761602
930,0.90935509232,0.0906449076797,0.0
931,0.992538382072,0.00746161792836,0.0
932,1.0,0.0,0.0
933,0.188355918826,0.798714455103,0.0129296260712
934,0.360955989931,0.639044010069,0.0
935,0.0834414040841,0.130409179248,0.786149416668
936,0.938390154603,0.061609845397,0.0
937,0.471241021692,0.366328485684,0.162430492624
939,0.0473267112294,0.176797794307,0.775875494464
940,0.340274385961,0.659725614039,0.0
941,0.408004558615,0.591995441385,0.0
942,0.899684051337,0.100315948663,0.0
944,0.986306137968,0.0136938620324,0.0
945,0.998406113537,0.00159388646288,0.0
947,0.110559858277,0.107135769596,0.782304372127
950,1.0,0.0,0.0
951,0.161270272188,0.7346028736,0.104126854212
953,0.669288268115,0.330711731885,0.0
955,0.233204213722,0.766795786278,0.0
956,0.286576197793,0.436636666235,0.276787135972
960,0.355819156644,0.557700365461,0.0864804778949
962,0.966183518889,0.0338164811112,0.0
963,0.465592800452,0.420729257003,0.113677942545
964,0.990546898774,0.00945310122588,0.0
965,0.111467323504,0.12506506019,0.763467616306
966,1.0,0.0,0.0
970,0.229765526028,0.770234473972,0.0
973,0.848045660543,0.151954339457,0.0
974,0.998406113537,0.00159388646288,0.0
976,1.0,0.0,0.0
977,0.321719405957,0.528065852223,0.15021474182
979,0.813898272012,0.127395320181,0.0587064078071
981,0.899660478083,0.0837610910684,0.0165784308488
982,0.802828609719,0.172366453227,0.024804937054
983,1.0,0.0,0.0
985,0.798595814127,0.196873855608,0.00453033026494
986,0.259254473324,0.640108806968,0.100636719708
987,0.167027565757,0.536754645431,0.296217788812
990,0.871057358386,0.128942641614,0.0
993,0.476519181334,0.523480818666,0.0
994,0.933662753973,0.0518417246728,0.014495521354
995,0.854175606929,0.129949170601,0.0158752224703
996,0.988959188715,0.0110408112853,0.0
997,0.0944524288266,0.89867402452,0.00687354665298
1000,0.264702659021,0.713632646834,0.0216646941445
1001,0.696042367927,0.295051382073,0.00890625
1004,0.173329699076,0.809601955547,0.0170683453774
1007,0.174327519489,0.590025819013,0.235646661498
1008,0.891448911548,0.108551088452,0.0
1009,0.358722704288,0.641277295712,0.0
1010,0.473445403772,0.516955397604,0.00959919862367
1011,0.99761156442,0.00238843557973,0.0
1012,0.598128003334,0.401871996666,0.0
1013,0.855341157035,0.144658842965,0.0
1016,0.989041398269,0.0109586017308,0.0
1017,0.784680021034,0.215319978966,0.0
1018,0.110186554802,0.333851649501,0.555961795697
1021,1.0,0.0,0.0
1023,0.704696887571,0.138373442163,0.156929670266
1024,0.978035819679,0.0219641803206,0.0
1025,0.198683767723,0.783898053939,0.0174181783376
1026,0.411530602525,0.588469397475,0.0
1027,0.307763978687,0.692236021313,0.0
1029,0.998406113537,0.00159388646288,0.0
1032,0.495344428205,0.504655571795,0.0
1033,0.913039274368,0.0869607256316,0.0
1034,0.46332150305,0.534506525493,0.00217197145631
1036,0.642303686345,0.346086342091,0.0116099715636
1037,0.943491281329,0.0565087186713,0.0
1038,0.241430179543,0.758569820457,0.0
1039,0.274650742824,0.538469587586,0.18687966959
1041,0.124250112916,0.19526032879,0.680489558295
1042,0.75990000549,0.24009999451,0.0
1043,0.333770313609,0.666229686391,0.0
1045,0.971517746597,0.0284822534034,0.0
1049,0.933750168027,0.0662498319727,0.0
1052,0.943759554677,0.0562404453231,0.0
1053,0.119320381383,0.446846145014,0.433833473603
1055,0.914483004558,0.0855169954416,0.0
1056,0.469275373029,0.406508964574,0.124215662397
1057,0.855671041362,0.102326479177,0.0420024794605
1058,0.0131326875959,0.986867312404,0.0
1059,0.872043657826,0.127956342174,0.0
1060,0.357789043015,0.273634789143,0.368576167842
1061,0.1503296484,0.150522109692,0.699148241908
1062,0.269361049114,0.730638950886,0.0
1063,0.26510801864,0.518380669459,0.216511311901
1066,0.949961176166,0.0500388238336,0.0
1067,0.994175787742,0.00582421225781,0.0
1068,0.214491472015,0.771879478246,0.0136290497387
1073,0.229567420083,0.0383406507476,0.73209192917
1074,0.269948776768,0.730051223232,0.0
1075,0.679747044611,0.320252955389,0.0
1076,0.61539531057,0.321123506651,0.0634811827793
1078,0.99341513523,0.00658486476987,0.0
1081,0.96469775524,0.0353022447596,0.0
1082,0.0180640800274,0.0694311626826,0.91250475729
1083,1.0,0.0,0.0
1084,0.878729828133,0.121270171867,0.0
1088,0.512550990356,0.361324325342,0.126124684303
1089,0.66665827833,0.33334172167,0.0
1091,0.177317878199,0.805776211627,0.0169059101742
1092,0.53165210609,0.463880887369,0.00446700654093
1093,0.723869802004,0.276130197996,0.0
1095,0.178765180756,0.819430227578,0.00180459166573
1096,0.178137111153,0.257129226015,0.564733662832
1099,0.301188761059,0.698811238941,0.0
1100,0.982179401687,0.0178205983129,0.0
1106,0.145330036279,0.358216411543,0.496453552177
1109,0.163105021257,0.798953326901,0.0379416518417
1113,0.986791980071,0.0132080199287,0.0
1114,0.863793968094,0.136206031906,0.0
1119,1.0,0.0,0.0
1121,0.830756144016,0.169243855984,0.0
1122,0.735937061113,0.253040256992,0.0110226818949
1123,0.95939819926,0.0332499270437,0.0073518736962
1124,0.478605381384,0.521394618616,0.0
1125,0.134646995508,0.266067552586,0.599285451906
1127,0.0730607951341,0.92429317601,0.00264602885558
1128,0.660128092029,0.339871907971,0.0
1129,0.915191763372,0.084808236628,0.0
1130,0.535638234678,0.427748127425,0.0366136378968
1133,0.326038692661,0.650484781114,0.0234765262258
1135,0.19706261103,0.505262799098,0.297674589873
1138,0.0792422225277,0.172061239986,0.748696537486
1139,0.268539040823,0.597263968141,0.134196991036
1140,0.201192806674,0.279987623455,0.518819569871
1141,1.0,0.0,0.0
1145,0.846651293405,0.153348706595,0.0
1146,0.611436435261,0.34780604015,0.0407575245891
1147,0.90676602007,0.0932339799303,0.0
1149,0.440843978159,0.493957841689,0.0651981801513
1150,0.941579771047,0.0584202289534,0.0
1151,0.686631617357,0.134912762819,0.178455619824
1153,0.0888969785115,0.185203784993,0.725899236496
1155,0.125717258765,0.874282741235,0.0
1156,0.231916722032,0.747800985439,0.020282292529
1157,0.976349894618,0.00260668973472,0.021043415647
1158,0.6880804796,0.3119195204,0.0
1160,1.0,0.0,0.0
1161,0.61043102359,0.218554772042,0.171014204367
1163,0.63025077651,0.363528133721,0.00622108976872
1167,1.0,0.0,0.0
1168,0.314724890459,0.685275109541,0.0
1169,0.196846996941,0.670863161884,0.132289841175
1170,0.129701148422,0.0562340683828,0.814064783196
1173,0.851640342134,0.0872095470795,0.0611501107864
1174,0.183588391788,0.0808837508623,0.73552785735
1175,0.458784564076,0.541215435924,0.0
1176,0.665927660858,0.303973443677,0.0300988954647
1178,0.167277628957,0.0398404252082,0.792881945835
1179,0.9881438528,0.0118561472003,0.0
1180,0.956444408772,0.0435555912284,0.0
1181,0.839614126128,0.160385873872,0.0
1182,0.102921202482,0.893213892779,0.00386490473846
1183,0.983901521271,0.0160984787288,0.0
1185,0.97540606889,0.0245939311096,0.0
1186,0.982066908463,0.0,0.017933091537
1187,0.944693218639,0.0220764295358,0.0332303518248
1188,0.907362952528,0.0926370474717,0.0
1189,0.784835114402,0.199568898966,0.0155959866326
1190,0.255909932854,0.537367442709,0.206722624437
1191,0.150207668691,0.109532549275,0.740259782034
1192,0.435579110837,0.529598025068,0.0348228640945
1195,0.367216469343,0.0605910839204,0.572192446736
1198,0.989742527286,0.0102574727136,0.0
1199,0.966371229841,0.0336287701593,0.0
1200,0.406620177503,0.474973007036,0.118406815462
1201,0.164729900311,0.184448780671,0.650821319019
1202,0.953328477378,0.0466715226221,0.0
1204,0.814454668039,0.166848484454,0.0186968475073
1206,0.627656477876,0.183936904496,0.188406617627
1208,1.0,0.0,0.0
1209,0.422588703864,0.400608705287,0.176802590849
1212,1.0,0.0,0.0
1219,0.774814991424,0.225185008576,0.0
1220,0.499916427326,0.500083572674,0.0
1221,0.156692210603,0.817596872584,0.0257109168135
1224,0.939474455911,0.0605255440891,0.0
1227,0.995891281934,0.00410871806622,0.0
1229,0.91332855509,0.0866714449101,0.0
1230,0.243971808512,0.166174924996,0.589853266492
1231,0.0582339230745,0.931963387197,0.00980268972833
1232,0.989717254954,0.0102827450459,0.0
1233,0.107438582,0.212984481241,0.679576936759
1234,0.438368885605,0.340873404201,0.220757710194
1237,0.319884645681,0.680115354319,0.0
1238,1.0,0.0,0.0
1240,0.219303556535,0.777900928973,0.00279551449212
1243,0.744879789041,0.255120210959,0.0
1245,0.523109878083,0.370276386372,0.106613735546
1246,0.317911592487,0.603560509675,0.0785278978385
1249,0.773836813534,0.226163186466,0.0
1250,0.555404764718,0.444595235282,0.0
1252,0.326172463075,0.55416664954,0.119660887385
1253,0.118341019223,0.114453391446,0.767205589331
1254,0.891267756797,0.108732243203,0.0
1256,0.976502550717,0.023497449283,0.0
1259,0.0370606729425,0.112587521195,0.850351805862
1260,0.658824947344,0.341175052656,0.0
1261,0.980801230082,0.019198769918,0.0
1263,0.96962879377,0.0303712062302,0.0
1267,0.304872250758,0.671651223016,0.0234765262258
1268,0.886414538777,0.113585461223,0.0
1270,0.668719529797,0.331280470203,0.0
1272,0.984861702907,0.0151382970933,0.0
1273,0.977237469133,0.022762530867,0.0
1275,0.234619978589,0.339170604323,0.426209417088
1276,0.783840970649,0.126001699766,0.0901573295853
1277,0.0293593169516,0.856855093504,0.113785589544
1278,0.359564960265,0.601713288518,0.0387217512161
1279,0.910678499541,0.0893215004595,0.0
1280,0.488814621354,0.295030884379,0.216154494267
1281,0.965400924272,0.0345990757277,0.0
1285,0.711454507872,0.288545492128,0.0
1286,0.560917030993,0.203888545007,0.235194424
1287,0.613190638313,0.386809361687,0.0
1288,0.998237354938,0.0017626450624,0.0
1289,1.0,0.0,0.0
1290,0.992538382072,0.00746161792836,0.0
1291,0.480359120113,0.377700239439,0.141940640448
1292,0.570664138569,0.425760198038,0.00357566339245
1293,1.0,0.0,0.0
1294,0.161220346094,0.62952351372,0.209256140186
1297,0.515340788712,0.484659211288,0.0
1298,0.181293757773,0.794880532761,0.0238257094655
1300,0.25075207805,0.747081300484,0.00216662146645
1301,1.0,0.0,0.0
1302,0.696247986485,0.303752013515,0.0
1303,0.185401514362,0.792334684855,0.0222638007827
1304,0.7045629428,0.232321237633,0.0631158195665
1305,0.0981897649206,0.390550301001,0.511259934079
1306,0.7274342614,0.2725657386,0.0
1307,0.142927370741,0.502763093441,0.354309535819
1311,0.909295705127,0.0907042948725,0.0
1313,0.0961360765424,0.0772276627838,0.826636260674
1315,0.288348125707,0.711651874293,0.0
1316,0.740231369453,0.259768630547,0.0
1317,0.191923002549,0.210820223324,0.597256774126
1319,0.057933798395,0.916401070198,0.0256651314067
1322,0.377817821528,0.548112590365,0.0740695881074
1323,0.364761312283,0.635238687717,0.0
1325,0.981359671108,0.0186403288919,0.0
1326,0.0618902094326,0.319911652801,0.618198137767
1327,0.623626246083,0.376373753917,0.0
1328,0.989290443994,0.0107095560065,0.0
1329,0.211471677768,0.759763641425,0.0287646808073
1330,0.438848760317,0.423281135837,0.137870103846
1331,0.102653489001,0.042394980157,0.854951530842
1332,0.519159147392,0.420732173455,0.0601086791533
1333,1.0,0.0,0.0
1334,0.468600326007,0.511009415302,0.0203902586915
1335,0.263199592501,0.734372912145,0.00242749535415
1336,0.998536215626,0.00146378437377,0.0
1338,0.308705068986,0.261944223564,0.42935070745
1339,0.0622944810704,0.0509941169605,0.886711401969
1340,0.94509885836,0.0549011416398,0.0
1344,0.125258655717,0.798186257392,0.0765550868908
1345,0.0319931954423,0.071886888268,0.89611991629
1346,0.125774086092,0.819187263265,0.0550386506429
1347,0.770024494777,0.229975505223,0.0
1348,0.221159066946,0.778840933054,0.0
1350,0.912967932317,0.0870320676829,0.0
1353,0.986180934072,0.0138190659281,0.0
1354,0.929449269208,0.0705507307921,0.0
1356,0.759840220257,0.115864132524,0.124295647219
1358,0.364305567874,0.635694432126,0.0
1359,1.0,0.0,0.0
1360,0.943148458694,0.0568515413064,0.0
1361,0.822912351497,0.177087648503,0.0
1362,0.28020994888,0.602618683594,0.117171367526
1363,0.0764122682242,0.438951372353,0.484636359422
1364,0.998237354938,0.0017626450624,0.0
1365,0.888418002773,0.0996762943847,0.0119057028428
1366,0.366175708145,0.520677481756,0.113146810099
1368,0.0606023465505,0.000695258389062,0.93870239506
1369,0.722824887616,0.277175112384,0.0
1370,0.660439448081,0.307729659973,0.0318308919464
1371,0.162224712226,0.779538275278,0.058237012496
1372,0.171133883401,0.780513765921,0.0483523506786
1374,1.0,0.0,0.0
1375,0.58558747919,0.41441252081,0.0
1376,0.299658124512,0.511614445509,0.188727429979
1377,0.545124144582,0.451707538928,0.00316831649007
1384,0.987797780436,0.0122022195639,0.0
1386,0.118519761116,0.871577668899,0.0099025699845
1388,0.996491726122,0.00350827387845,0.0
1390,0.124952231562,0.818015982636,0.0570317858018
1391,0.912000769053,0.0769770048695,0.0110222260777
1392,0.99518162124,0.00481837875964,0.0
1393,0.273521903561,0.726478096439,0.0
1394,0.660625930995,0.289059619886,0.0503144491199
1396,1.0,0.0,0.0
1403,0.99499482067,0.00500517933008,0.0
1404,0.939434615245,0.0605653847555,0.0
1407,1.0,0.0,0.0
1408,0.967315368694,0.0326846313062,0.0
1410,0.123557185777,0.876442814223,0.0
1411,0.789170294055,0.162207266549,0.0486224393963
1413,0.998237354938,0.0017626450624,0.0
1414,1.0,0.0,0.0
1417,0.0809103766512,0.071584436599,0.84750518675
1419,0.985698562785,0.0143014372149,0.0
1420,0.318825662478,0.639517318062,0.0416570194601
1422,1.0,0.0,0.0
1426,0.935576619747,0.0482013766868,0.0162220035666
1427,0.380329917071,0.407095460697,0.212574622232
1429,0.274399256663,0.670908991819,0.0546917515181
1431,0.993984931544,0.0060150684561,0.0
1432,0.924667213032,0.0753327869683,0.0
1435,0.88200764671,0.11799235329,0.0
1437,0.10601996128,0.17902167716,0.71495836156
1439,1.0,0.0,0.0
1440,0.424335225844,0.298623643537,0.277041130619
1442,0.762216109147,0.228468452939,0.00931543791458
1443,0.967682882744,0.0323171172557,0.0
1445,1.0,0.0,0.0
1448,0.200738548189,0.769887300458,0.0293741513524
1450,0.963624221956,0.0363757780444,0.0
1452,0.419069637461,0.499914563386,0.0810157991532
1453,0.299702228992,0.465363225075,0.234934545933
1454,0.996235159622,0.00376484037848,0.0
1458,0.9872671716,0.0127328284003,0.0
1459,0.77043719953,0.223283363554,0.0062794369162
1460,1.0,0.0,0.0
1461,0.259414139892,0.620543455497,0.120042404612
1462,0.849747973517,0.150252026483,0.0
1464,0.189773726218,0.804746588403,0.00547968537888
1465,0.0764093579148,0.901784862483,0.0218057796021
1466,0.549221509573,0.450778490427,0.0
1467,0.110569423717,0.132778790691,0.756651785592
1468,0.942254975347,0.0577450246533,0.0
1469,0.884610205349,0.115389794651,0.0
1471,0.1969116969,0.288836454022,0.514251849078
1474,0.174649128185,0.264446136748,0.560904735067
1475,0.592762913436,0.407237086564,0.0
1477,0.0634608818352,0.36607343513,0.570465683035
1480,0.47133494571,0.2335728683,0.29509218599
1481,0.171922520527,0.766502744417,0.0615747350556
1483,0.170553064508,0.722361195719,0.107085739773
1484,1.0,0.0,0.0
1486,0.810934025735,0.189065974265,0.0
1487,0.269415464322,0.581861998044,0.148722537634
1489,0.958343569495,0.0416564305052,0.0
1491,0.272397390983,0.486232257852,0.241370351165
1493,0.111443688836,0.843221520001,0.0453347911629
1494,0.932979985941,0.0398839941082,0.0271360199508
1496,0.0960753007931,0.0757424043903,0.828182294817
1497,0.163992485123,0.135344244364,0.700663270512
1498,0.23147750261,0.323086312331,0.44543618506
1502,0.107517953943,0.230821727117,0.66166031894
1505,0.309615695249,0.656014222698,0.0343700820526
1506,0.923478860242,0.0765211397584,0.0
1507,0.623538702578,0.270889864022,0.1055714334
1508,0.158288004314,0.0851624151841,0.756549580502
1510,1.0,0.0,0.0
1511,0.0108824212624,0.0174829895026,0.971634589235
1512,0.977825702157,0.0221742978435,0.0
1514,0.667819342815,0.332180657185,0.0
1515,0.0647304596601,0.76155653384,0.1737130065
1516,0.550873527186,0.449126472814,0.0
1518,0.983913452035,0.0160865479649,0.0
1519,0.889186905537,0.0920016088357,0.0188114856273
1520,0.982052011292,0.0179479887081,0.0
1521,0.206706920551,0.793293079449,0.0
1522,0.249591256177,0.734350991383,0.0160577524404
1524,0.52686739296,0.47313260704,0.0
1525,0.411530602525,0.588469397475,0.0
1526,0.251838597154,0.495675395433,0.252486007413
